-3 -2 -2 -1 0  0: 0 0 0 0 0 0 24 0 0 0 0 0 0 0 0 0 0 -6 -6 -7 -8 -5  | 
-3 -2 -2 -1 0  1: 0 0 0 0 0 0 20 0 0 0 0 0 0 0 0 0 0 -5 -5 -6 -7 -4  | 
-3 -2 -2 -1 0  2: 0 0 0 0 0 0 16 0 0 0 0 0 0 0 0 0 0 -4 -4 -5 -6 -3  | 
-3 -2 -2 -1 0  3: 0 0 0 0 0 0 12 0 0 0 0 0 0 0 0 0 0 -3 -3 -4 -5 -2  | 
-3 -2 -2  0 0 -3: 0 0 0 0 0 0 33 0 0 0 0 0 0 0 0 0 0 -8 -8 -10 -10 -7  | 
-3 -2 -2  0 0 -2: 0 0 0 0 0 0 29 0 0 0 0 0 0 0 0 0 0 -7 -7  -9  -9 -6  | 
-3 -2 -2  0 0 -1: 0 0 0 0 0 0 25 0 0 0 0 0 0 0 0 0 0 -6 -6  -8  -8 -5  | 
-3 -2 -2  0 0  0: 0 0 0 0 0 0 21 0 0 0 0 0 0 0 0 0 0 -5 -5  -7  -7 -4  | 
-3 -2 -2  0 0  1: 0 0 0 0 0 0 17 0 0 0 0 0 0 0 0 0 0 -4 -4  -6  -6 -3  | 
-3 -2 -2  0 0  2: 0 0 0 0 0 0 13 0 0 0 0 0 0 0 0 0 0 -3 -3  -5  -5 -2  | 
-3 -3 -3 -2 0 -3: 0 0 0 0 0 0 45 0 0 0 0 0 0 0 0 0 0 -11 -11 -12 -14 -11  | 
-3 -2 -1  0 0  -3: 0 0 0 0 0 0 30 0 0 0 0 0 0 0 0 0 0 -7 -8 -9 -9 -6  | 
-3 -2 -1  0 0  -2: 0 0 0 0 0 0 26 0 0 0 0 0 0 0 0 0 0 -6 -7 -8 -8 -5  | 
-3 -2 -1  0 0  -1: 0 0 0 0 0 0 22 0 0 0 0 0 0 0 0 0 0 -5 -6 -7 -7 -4  | 
-3 -2 -1  0 0   0: 0 0 0 0 0 0 18 0 0 0 0 0 0 0 0 0 0 -4 -5 -6 -6 -3  | 
-3 -2 -1  0 0   1: 0 0 0 0 0 0 14 0 0 0 0 0 0 0 0 0 0 -3 -4 -5 -5 -2  | 
-3 -2 -1 -1 -1 -3: 0 0 0 0 0 0 36 0 0 0 0 0 0 0 0 0 0 -9 -10 -10 -10 -8  | 
-3 -2 -1 -1 -1 -2: 0 0 0 0 0 0 32 0 0 0 0 0 0 0 0 0 0 -8  -9  -9  -9 -7  | 
-3 -2 -1 -1 -1 -1: 0 0 0 0 0 0 28 0 0 0 0 0 0 0 0 0 0 -7  -8  -8  -8 -6  | 
-3 -2 -1 -1 -1  0: 0 0 0 0 0 0 24 0 0 0 0 0 0 0 0 0 0 -6  -7  -7  -7 -5  | 
-3 -2 -1 -1 -1  1: 0 0 0 0 0 0 20 0 0 0 0 0 0 0 0 0 0 -5  -6  -6  -6 -4  | 
-3 -2 -1 -1 -1  2: 0 0 0 0 0 0 16 0 0 0 0 0 0 0 0 0 0 -4  -5  -5  -5 -3  | 
-3 -2 -1 -1 -1  3: 0 0 0 0 0 0 12 0 0 0 0 0 0 0 0 0 0 -3  -4  -4  -4 -2  | 
-3 -1 -1 -1  0 -3: 0 0 0 0 0 0 30 0 0 0 0 0 0 0 0 0 0 -8 -8 -8 -9 -6  | 
-3 -1 -1 -1  0 -2: 0 0 0 0 0 0 26 0 0 0 0 0 0 0 0 0 0 -7 -7 -7 -8 -5  | 
-3 -1 -1 -1  0 -1: 0 0 0 0 0 0 22 0 0 0 0 0 0 0 0 0 0 -6 -6 -6 -7 -4  | 
-3 -1 -1 -1  0  0: 0 0 0 0 0 0 18 0 0 0 0 0 0 0 0 0 0 -5 -5 -5 -6 -3  | 
-3 -1 -1 -1  0  1: 0 0 0 0 0 0 14 0 0 0 0 0 0 0 0 0 0 -4 -4 -4 -5 -2  | 
-3 -1 -1 -1  0  2: 0 0 0 0 0 0 10 0 0 0 0 0 0 0 0 0 0 -3 -3 -3 -4 -1  | 
-3 -3 -3 -2 -1 -1: 0 0 0 0 0 0 40 0 0 0 0 0 0 0 0 0 0 -10 -10 -11 -12 -10  | 
-3 -3 -3 -2 -1  0: 0 0 0 0 0 0 36 0 0 0 0 0 0 0 0 0 0 -9 -9 -10 -11 -9  | 
-3 -3 -3 -2 -1  1: 0 0 0 0 0 0 32 0 0 0 0 0 0 0 0 0 0 -8 -8 -9 -10 -8  | 
-3 -3 -3 -2 -1  2: 0 0 0 0 0 0 28 0 0 0 0 0 0 0 0 0 0 -7 -7 -8 -9 -7  | 
-3 -3 -3 -2 -1  3: 0 0 0 0 0 0 24 0 0 0 0 0 0 0 0 0 0 -6 -6 -7 -8 -6  | 
-3 -2 -1 -1 0  -3: 0 0 0 0 0 0 33 0 0 0 0 0 0 0 0 0 0 -8 -9 -9 -10 -7  | 
-3 -2 -1 -1 0  -2: 0 0 0 0 0 0 29 0 0 0 0 0 0 0 0 0 0 -7 -8 -8 -9 -6  | 
-3 -2 -1 -1 0  -1: 0 0 0 0 0 0 25 0 0 0 0 0 0 0 0 0 0 -6 -7 -7 -8 -5  | 
-3 -2 -1 -1 0   0: 0 0 0 0 0 0 21 0 0 0 0 0 0 0 0 0 0 -5 -6 -6 -7 -4  | 
-3 -2 -1 -1 0   1: 0 0 0 0 0 0 17 0 0 0 0 0 0 0 0 0 0 -4 -5 -5 -6 -3  | 
-3 -2 -1 -1 0   2: 0 0 0 0 0 0 13 0 0 0 0 0 0 0 0 0 0 -3 -4 -4 -5 -2  | 
-3 -3 -3 -2 0  -2: 0 0 0 0 0 0 41 0 0 0 0 0 0 0 0 0 0 -10 -10 -11 -13 -10  | 
-3 -3 -3 -2 0  -1: 0 0 0 0 0 0 37 0 0 0 0 0 0 0 0 0 0 -9 -9 -10 -12 -9  | 
-3 -3 -3 -2 0   0: 0 0 0 0 0 0 33 0 0 0 0 0 0 0 0 0 0 -8 -8 -9 -11 -8  | 
-3 -3 -3 -2 0   1: 0 0 0 0 0 0 29 0 0 0 0 0 0 0 0 0 0 -7 -7 -8 -10 -7  | 
-3 -3 -3 -2 0   2: 0 0 0 0 0 0 25 0 0 0 0 0 0 0 0 0 0 -6 -6 -7 -9 -6  | 
-3 -3 -3 -2 0   3: 0 0 0 0 0 0 21 0 0 0 0 0 0 0 0 0 0 -5 -5 -6 -8 -5  | 
-3 -2  0  0 0  -3: 0 0 0 0 0 0 27 0 0 0 0 0 0 0 0 0 0 -6 -8 -8 -8 -5  | 
-3 -2  0  0 0  -2: 0 0 0 0 0 0 23 0 0 0 0 0 0 0 0 0 0 -5 -7 -7 -7 -4  | 
-3 -2  0  0 0  -1: 0 0 0 0 0 0 19 0 0 0 0 0 0 0 0 0 0 -4 -6 -6 -6 -3  | 
-3 -2  0  0  0  0: 0 0 0 0 0 0 15 0 0 0 0 0 0 0 0 0 0 -3 -5 -5 -5 -2  | 
-3 -1 -1 -1 -1 -3: 0 0 0 0 0 0 33 0 0 0 0 0 0 0 0 0 0 -9 -9 -9 -9 -7  | 
-3 -1 -1 -1 -1 -2: 0 0 0 0 0 0 29 0 0 0 0 0 0 0 0 0 0 -8 -8 -8 -8 -6  | 
-3 -1 -1 -1 -1 -1: 0 0 0 0 0 0 25 0 0 0 0 0 0 0 0 0 0 -7 -7 -7 -7 -5  | 
-3 -1 -1 -1 -1  0: 0 0 0 0 0 0 21 0 0 0 0 0 0 0 0 0 0 -6 -6 -6 -6 -4  | 
-3 -1 -1 -1 -1  1: 0 0 0 0 0 0 17 0 0 0 0 0 0 0 0 0 0 -5 -5 -5 -5 -3  | 
-3 -1 -1 -1 -1  2: 0 0 0 0 0 0 13 0 0 0 0 0 0 0 0 0 0 -4 -4 -4 -4 -2  | 
-3 -1 -1 -1 -1  3: 0 0 0 0 0 0 9 0 0 0 0 0 0 0 0 0 0 -3 -3 -3 -3 -1  | 
-3 -1 -1  0  0 -3: 0 0 0 0 0 0 27 0 0 0 0 0 0 0 0 0 0 -7 -7 -8 -8 -5  | 
-3 -1 -1  0  0 -2: 0 0 0 0 0 0 23 0 0 0 0 0 0 0 0 0 0 -6 -6 -7 -7 -4  | 
-3 -1 -1  0  0 -1: 0 0 0 0 0 0 19 0 0 0 0 0 0 0 0 0 0 -5 -5 -6 -6 -3  | 
-3 -1 -1  0  0  0: 0 0 0 0 0 0 15 0 0 0 0 0 0 0 0 0 0 -4 -4 -5 -5 -2  | 
-3 -1 -1  0  0  1: 0 0 0 0 0 0 11 0 0 0 0 0 0 0 0 0 0 -3 -3 -4 -4 -1  | 
-3 -3 -3 -1 -1 -3: 0 0 0 0 0 0 45 0 0 0 0 0 0 0 0 0 0 -11 -11 -13 -13 -11  | 
-3 -3 -3 -1 -1 -2: 0 0 0 0 0 0 41 0 0 0 0 0 0 0 0 0 0 -10 -10 -12 -12 -10  | 
-3 -3 -3 -1 -1 -1: 0 0 0 0 0 0 37 0 0 0 0 0 0 0 0 0 0 -9 -9 -11 -11 -9  | 
-3 -3 -3 -1 -1  0: 0 0 0 0 0 0 33 0 0 0 0 0 0 0 0 0 0 -8 -8 -10 -10 -8  | 
-3 -3 -3 -1 -1  1: 0 0 0 0 0 0 29 0 0 0 0 0 0 0 0 0 0 -7 -7 -9 -9 -7  | 
-3 -3 -3 -1 -1  2: 0 0 0 0 0 0 25 0 0 0 0 0 0 0 0 0 0 -6 -6 -8 -8 -6  | 
-3 -1  0  0  0 -3: 0 0 0 0 0 0 24 0 0 0 0 0 0 0 0 0 0 -6 -7 -7 -7 -4  | 
-3 -1  0  0  0 -2: 0 0 0 0 0 0 20 0 0 0 0 0 0 0 0 0 0 -5 -6 -6 -6 -3  | 
-3 -1  0  0  0 -1: 0 0 0 0 0 0 16 0 0 0 0 0 0 0 0 0 0 -4 -5 -5 -5 -2  | 
-3 -1  0  0  0  0: 0 0 0 0 0 0 12 0 0 0 0 0 0 0 0 0 0 -3 -4 -4 -4 -1  | 
-3 -3 -3 -1 -1  3: 0 0 0 0 0 0 21 0 0 0 0 0 0 0 0 0 0 -5 -5 -7 -7 -5  | 
-3 -3 -3 -1  0 -3: 0 0 0 0 0 0 42 0 0 0 0 0 0 0 0 0 0 -10 -10 -12 -13 -10  | 
-3 -3 -3 -1  0 -2: 0 0 0 0 0 0 38 0 0 0 0 0 0 0 0 0 0 -9 -9 -11 -12 -9  | 
-3 -3 -3 -1  0 -1: 0 0 0 0 0 0 34 0 0 0 0 0 0 0 0 0 0 -8 -8 -10 -11 -8  | 
-3 -3 -3 -1  0  0: 0 0 0 0 0 0 30 0 0 0 0 0 0 0 0 0 0 -7 -7 -9 -10 -7  | 
-3 -3 -3 -1  0  1: 0 0 0 0 0 0 26 0 0 0 0 0 0 0 0 0 0 -6 -6 -8 -9 -6  | 
-3 -3 -3 -1  0  2: 0 0 0 0 0 0 22 0 0 0 0 0 0 0 0 0 0 -5 -5 -7 -8 -5  | 
-3 -3 -3 -1  0  3: 0 0 0 0 0 0 18 0 0 0 0 0 0 0 0 0 0 -4 -4 -6 -7 -4  | 
-3 0 0 0 0 -3: 0 0 0 0 0 0 21 0 0 0 0 0 0 0 0 0 0 -6 -6 -6 -6 -3  | 
-3 0 0 0 0 -2: 0 0 0 0 0 0 17 0 0 0 0 0 0 0 0 0 0 -5 -5 -5 -5 -2  | 
-3 0 0 0 0 -1: 0 0 0 0 0 0 13 0 0 0 0 0 0 0 0 0 0 -4 -4 -4 -4 -1  | 
-3 0 0 0 0 0: 0 0 0 0 0 0 9 0 0 0 0 0 0 0 0 0 0 -3 -3 -3 -3 0  | 
-3 0 0 0 0 1: 0 0 0 0 0 0 9 0 0 0 0 0 0 0 0 0 0 -3 -3 -3 -3 1  | 
-3 0 0 0 0 2: 0 0 0 0 0 0 9 0 0 0 0 0 0 0 0 0 0 -3 -3 -3 -3 2  | 
-3 0 0 0 0 3: 0 0 0 0 0 0 9 0 0 0 0 0 0 0 0 0 0 -3 -3 -3 -3 3 | 
-3 -3 -3 -3 -3 -3: 0 0 0 0 0 0 57 0 0 0 0 0 0 0 0 0 0 -15 -15 -15 -15 -15  | 
-3 -3 -3 -3 -3 -2: 0 0 0 0 0 0 53 0 0 0 0 0 0 0 0 0 0 -14 -14 -14 -14 -14  | 
-3 -3 -3 -3 -3 -1: 0 0 0 0 0 0 49 0 0 0 0 0 0 0 0 0 0 -13 -13 -13 -13 -13  | 
-3 -3 -3 -3 -3 0: 0 0 0 0 0 0 45 0 0 0 0 0 0 0 0 0 0 -12 -12 -12 -12 -12  | 
-3 -3 -3 -3 -3 1: 0 0 0 0 0 0 41 0 0 0 0 0 0 0 0 0 0 -11 -11 -11 -11 -11  | 
-3 -3 -3 -3 -3 2: 0 0 0 0 0 0 37 0 0 0 0 0 0 0 0 0 0 -10 -10 -10 -10 -10  | 
-3 -3 -3 0 0 -3: 0 0 0 0 0 0 39 0 0 0 0 0 0 0 0 0 0 -9 -9 -12 -12 -9  | 
-3 -3 -3 0 0 -2: 0 0 0 0 0 0 35 0 0 0 0 0 0 0 0 0 0 -8 -8 -11 -11 -8  | 
-3 -3 -3 0 0 -1: 0 0 0 0 0 0 31 0 0 0 0 0 0 0 0 0 0 -7 -7 -10 -10 -7  | 
-3 -3 -3 0 0 0: 0 0 0 0 0 0 27 0 0 0 0 0 0 0 0 0 0 -6 -6 -9 -9 -6  | 
-3 -3 -3 0 0 1: 0 0 0 0 0 0 23 0 0 0 0 0 0 0 0 0 0 -5 -5 -8 -8 -5  | 
-3 -3 -3 0 0 2: 0 0 0 0 0 0 19 0 0 0 0 0 0 0 0 0 0 -4 -4 -7 -7 -4  | 
-3 -3 -3 0 0 3: 0 0 0 0 0 0 15 0 0 0 0 0 0 0 0 0 0 -3 -3 -6 -6 -3  | 
-2 -2 -2 -2 -2 -3: 0 0 0 0 0 0 42 0 0 0 0 0 0 0 0 0 0 -11 -11 -11 -11 -11  | 
-2 -2 -2 -2 -2 -2: 0 0 0 0 0 0 38 0 0 0 0 0 0 0 0 0 0 -10 -10 -10 -10 -10  | 
-2 -2 -2 -2 -2 -1: 0 0 0 0 0 0 34 0 0 0 0 0 0 0 0 0 0 -9 -9 -9 -9 -9  | 
-2 -2 -2 -2 -2 0: 0 0 0 0 0 0 30 0 0 0 0 0 0 0 0 0 0 -8 -8 -8 -8 -8  | 
-2 -2 -2 -2 -2 1: 0 0 0 0 0 0 26 0 0 0 0 0 0 0 0 0 0 -7 -7 -7 -7 -7  | 
-2 -2 -2 -2 -2 2: 0 0 0 0 0 0 22 0 0 0 0 0 0 0 0 0 0 -6 -6 -6 -6 -6  | 
-2 -2 -2 -2 -2 3: 0 0 0 0 0 0 18 0 0 0 0 0 0 0 0 0 0 -5 -5 -5 -5 -5  | 
-2 -2 -2 -2 -1 -3: 0 0 0 0 0 0 39 0 0 0 0 0 0 0 0 0 0 -10 -10 -10 -11 -10  | 
-2 -2 -2 -2 -1 -2: 0 0 0 0 0 0 35 0 0 0 0 0 0 0 0 0 0 -9 -9 -9 -10 -9  | 
-2 -2 -2 -2 -1 -1: 0 0 0 0 0 0 31 0 0 0 0 0 0 0 0 0 0 -8 -8 -8 -9 -8  | 
-2 -2 -2 -2 -1 0: 0 0 0 0 0 0 27 0 0 0 0 0 0 0 0 0 0 -7 -7 -7 -8 -7  | 
-2 -2 -2 -2 -1 1: 0 0 0 0 0 0 23 0 0 0 0 0 0 0 0 0 0 -6 -6 -6 -7 -6  | 
-2 -2 -2 -2 -1 2: 0 0 0 0 0 0 19 0 0 0 0 0 0 0 0 0 0 -5 -5 -5 -6 -5  | 
-2 -2 -2 -2 -1 3: 0 0 0 0 0 0 15 0 0 0 0 0 0 0 0 0 0 -4 -4 -4 -5 -4  | 
-2 -2 -2 -2 0 -3: 0 0 0 0 0 0 36 0 0 0 0 0 0 0 0 0 0 -9 -9 -9 -11 -9  | 
-2 -2 -2 -2 0 -2: 0 0 0 0 0 0 32 0 0 0 0 0 0 0 0 0 0 -8 -8 -8 -10 -8  | 
-2 -2 -2 -2 0 -1: 0 0 0 0 0 0 28 0 0 0 0 0 0 0 0 0 0 -7 -7 -7 -9 -7  | 
-2 -2 -2 -2 0 0: 0 0 0 0 0 0 24 0 0 0 0 0 0 0 0 0 0 -6 -6 -6 -8 -6  | 
-2 -2 -2 -2 0 1: 0 0 0 0 0 0 20 0 0 0 0 0 0 0 0 0 0 -5 -5 -5 -7 -5  | 
-2 -2 -2 -2 0 2: 0 0 0 0 0 0 16 0 0 0 0 0 0 0 0 0 0 -4 -4 -4 -6 -4  | 
-2 -2 -2 -2 0 3: 0 0 0 0 0 0 12 0 0 0 0 0 0 0 0 0 0 -3 -3 -3 -5 -3  | 
-2 -2 -2 -1 -1 -3: 0 0 0 0 0 0 36 0 0 0 0 0 0 0 0 0 0 -9 -9 -10 -10 -9  | 
-2 -2 -2 -1 -1 -2: 0 0 0 0 0 0 32 0 0 0 0 0 0 0 0 0 0 -8 -8 -9 -9 -8  | 
-2 -2 -2 -1 -1 -1: 0 0 0 0 0 0 28 0 0 0 0 0 0 0 0 0 0 -7 -7 -8 -8 -7  | 
-2 -2 -2 -1 -1 0: 0 0 0 0 0 0 24 0 0 0 0 0 0 0 0 0 0 -6 -6 -7 -7 -6  | 
-2 -2 -2 -1 -1 1: 0 0 0 0 0 0 20 0 0 0 0 0 0 0 0 0 0 -5 -5 -6 -6 -5  | 
-2 -2 -2 -1 -1 2: 0 0 0 0 0 0 16 0 0 0 0 0 0 0 0 0 0 -4 -4 -5 -5 -4  | 
-2 -2 -2 -1 -1 3: 0 0 0 0 0 0 12 0 0 0 0 0 0 0 0 0 0 -3 -3 -4 -4 -3  | 
-2 -2 -2 -1 0 -3: 0 0 0 0 0 0 33 0 0 0 0 0 0 0 0 0 0 -8 -8 -9 -10 -8  | 
-2 -2 -2 -1 0 -2: 0 0 0 0 0 0 29 0 0 0 0 0 0 0 0 0 0 -7 -7 -8 -9 -7  | 
-2 -2 -2 -1 0 -1: 0 0 0 0 0 0 25 0 0 0 0 0 0 0 0 0 0 -6 -6 -7 -8 -6  | 
-2 -2 -2 -1 0 0: 0 0 0 0 0 0 21 0 0 0 0 0 0 0 0 0 0 -5 -5 -6 -7 -5  | 
-2 -2 -2 -1 0 1: 0 0 0 0 0 0 17 0 0 0 0 0 0 0 0 0 0 -4 -4 -5 -6 -4  | 
-2 -2 -2 -1 0 2: 0 0 0 0 0 0 13 0 0 0 0 0 0 0 0 0 0 -3 -3 -4 -5 -3  | 
-2 -2 -2 -1 0 3: 0 0 0 0 0 0 9 0 0 0 0 0 0 0 0 0 0 -2 -2 -3 -4 -2  | 
-2 -2 -2 0 0 -3: 0 0 0 0 0 0 30 0 0 0 0 0 0 0 0 0 0 -7 -7 -9 -9 -7  | 
-2 -2 -2 0 0 -2: 0 0 0 0 0 0 26 0 0 0 0 0 0 0 0 0 0 -6 -6 -8 -8 -6  | 
-2 -2 -2 0 0 -1: 0 0 0 0 0 0 22 0 0 0 0 0 0 0 0 0 0 -5 -5 -7 -7 -5  | 
-2 -2 -2 0 0 0: 0 0 0 0 0 0 18 0 0 0 0 0 0 0 0 0 0 -4 -4 -6 -6 -4  | 
-2 -2 -2 0 0 1: 0 0 0 0 0 0 14 0 0 0 0 0 0 0 0 0 0 -3 -3 -5 -5 -3  | 
-2 -2 -2 0 0 2: 0 0 0 0 0 0 10 0 0 0 0 0 0 0 0 0 0 -2 -2 -4 -4 -2  | 
-2 -2 -1 -1 -1 -3: 0 0 0 0 0 0 33 0 0 0 0 0 0 0 0 0 0 -8 -9 -9 -9 -8  | 
-2 -2 -1 -1 -1 -2: 0 0 0 0 0 0 29 0 0 0 0 0 0 0 0 0 0 -7 -8 -8 -8 -7  | 
-2 -2 -1 -1 -1 -1: 0 0 0 0 0 0 25 0 0 0 0 0 0 0 0 0 0 -6 -7 -7 -7 -6  | 
-2 -2 -1 -1 -1 0: 0 0 0 0 0 0 21 0 0 0 0 0 0 0 0 0 0 -5 -6 -6 -6 -5  | 
-2 -2 -1 -1 -1 1: 0 0 0 0 0 0 17 0 0 0 0 0 0 0 0 0 0 -4 -5 -5 -5 -4  | 
-2 -2 -1 -1 -1 2: 0 0 0 0 0 0 13 0 0 0 0 0 0 0 0 0 0 -3 -4 -4 -4 -3  | 
-2 -2 -1 -1 -1 3: 0 0 0 0 0 0 9 0 0 0 0 0 0 0 0 0 0 -2 -3 -3 -3 -2  | 
-2 -2 -1 -1 0 -3: 0 0 0 0 0 0 30 0 0 0 0 0 0 0 0 0 0 -7 -8 -8 -9 -7  | 
-2 -2 -1 -1 0 -2: 0 0 0 0 0 0 26 0 0 0 0 0 0 0 0 0 0 -6 -7 -7 -8 -6  | 
-2 -2 -1 -1 0 -1: 0 0 0 0 0 0 22 0 0 0 0 0 0 0 0 0 0 -5 -6 -6 -7 -5  | 
-2 -2 -1 -1 0 0: 0 0 0 0 0 0 18 0 0 0 0 0 0 0 0 0 0 -4 -5 -5 -6 -4  | 
-2 -2 -1 -1 0 1: 0 0 0 0 0 0 14 0 0 0 0 0 0 0 0 0 0 -3 -4 -4 -5 -3  | 
-2 -2 -1 -1 0 2: 0 0 0 0 0 0 10 0 0 0 0 0 0 0 0 0 0 -2 -3 -3 -4 -2  | 
-2 -2 -1 0 0 -3: 0 0 0 0 0 0 27 0 0 0 0 0 0 0 0 0 0 -6 -7 -8 -8 -6  | 
-2 -2 -1 0 0 -2: 0 0 0 0 0 0 23 0 0 0 0 0 0 0 0 0 0 -5 -6 -7 -7 -5  | 
-2 -2 -1 0 0 -1: 0 0 0 0 0 0 19 0 0 0 0 0 0 0 0 0 0 -4 -5 -6 -6 -4  | 
-2 -2 -1 0 0 0: 0 0 0 0 0 0 15 0 0 0 0 0 0 0 0 0 0 -3 -4 -5 -5 -3  | 
-2 -2 -1 0 0 1: 0 0 0 0 0 0 11 0 0 0 0 0 0 0 0 0 0 -2 -3 -4 -4 -2  | 
-2 -2 0 0 0 -3: 0 0 0 0 0 0 24 0 0 0 0 0 0 0 0 0 0 -5 -7 -7 -7 -5  | 
-2 -2 0 0 0 -2: 0 0 0 0 0 0 20 0 0 0 0 0 0 0 0 0 0 -4 -6 -6 -6 -4  | 
-2 -2 0 0 0 -1: 0 0 0 0 0 0 16 0 0 0 0 0 0 0 0 0 0 -3 -5 -5 -5 -3  | 
-2 -2 0 0 0 0: 0 0 0 0 0 0 12 0 0 0 0 0 0 0 0 0 0 -2 -4 -4 -4 -2  | 
-2 -1 -1 -1 -1 -3: 0 0 0 0 0 0 30 0 0 0 0 0 0 0 0 0 0 -8 -8 -8 -8 -7  | 
-2 -1 -1 -1 -1 -2: 0 0 0 0 0 0 26 0 0 0 0 0 0 0 0 0 0 -7 -7 -7 -7 -6  | 
-2 -1 -1 -1 -1 -1: 0 0 0 0 0 0 22 0 0 0 0 0 0 0 0 0 0 -6 -6 -6 -6 -5  | 
-2 -1 -1 -1 -1 0: 0 0 0 0 0 0 18 0 0 0 0 0 0 0 0 0 0 -5 -5 -5 -5 -4  | 
-2 -1 -1 -1 -1 1: 0 0 0 0 0 0 14 0 0 0 0 0 0 0 0 0 0 -4 -4 -4 -4 -3  | 
-2 -1 -1 -1 -1 2: 0 0 0 0 0 0 10 0 0 0 0 0 0 0 0 0 0 -3 -3 -3 -3 -2  | 
-2 -1 -1 -1 -1 3: 0 0 0 0 0 0 6 0 0 0 0 0 0 0 0 0 0 -2 -2 -2 -2 -1  | 
-2 -1 -1 -1 0 -3: 0 0 0 0 0 0 27 0 0 0 0 0 0 0 0 0 0 -7 -7 -7 -8 -6  | 
-2 -1 -1 -1 0 -2: 0 0 0 0 0 0 23 0 0 0 0 0 0 0 0 0 0 -6 -6 -6 -7 -5  | 
-2 -1 -1 -1 0 -1: 0 0 0 0 0 0 19 0 0 0 0 0 0 0 0 0 0 -5 -5 -5 -6 -4  | 
-2 -1 -1 -1 0 0: 0 0 0 0 0 0 15 0 0 0 0 0 0 0 0 0 0 -4 -4 -4 -5 -3  | 
-2 -1 -1 -1 0 1: 0 0 0 0 0 0 11 0 0 0 0 0 0 0 0 0 0 -3 -3 -3 -4 -2  | 
-2 -1 -1 -1 0 2: 0 0 0 0 0 0 7 0 0 0 0 0 0 0 0 0 0 -2 -2 -2 -3 -1  | 
-2 -1 -1 0 0 -3: 0 0 0 0 0 0 24 0 0 0 0 0 0 0 0 0 0 -6 -6 -7 -7 -5  | 
-2 -1 -1 0 0 -2: 0 0 0 0 0 0 20 0 0 0 0 0 0 0 0 0 0 -5 -5 -6 -6 -4  | 
-2 -1 -1 0 0 -1: 0 0 0 0 0 0 16 0 0 0 0 0 0 0 0 0 0 -4 -4 -5 -5 -3  | 
-2 -1 -1 0 0 0: 0 0 0 0 0 0 12 0 0 0 0 0 0 0 0 0 0 -3 -3 -4 -4 -2  | 
-2 -1 -1 0 0 1: 0 0 0 0 0 0 8 0 0 0 0 0 0 0 0 0 0 -2 -2 -3 -3 -1  | 
-2 -1 0 0 0 -3: 0 0 0 0 0 0 21 0 0 0 0 0 0 0 0 0 0 -5 -6 -6 -6 -4  | 
-2 -1 0 0 0 -2: 0 0 0 0 0 0 17 0 0 0 0 0 0 0 0 0 0 -4 -5 -5 -5 -3  | 
-2 -1 0 0 0 -1: 0 0 0 0 0 0 13 0 0 0 0 0 0 0 0 0 0 -3 -4 -4 -4 -2  | 
-2 -1 0 0 0 0: 0 0 0 0 0 0 9 0 0 0 0 0 0 0 0 0 0 -2 -3 -3 -3 -1  | 
-3 -3 -2 -2 -2 -3: 0 0 0 0 0 0 48 0 0 0 0 0 0 0 0 0 0 -12 -13 -13 -13 -12  | 
-3 -3 -2 -2 -2 -2: 0 0 0 0 0 0 44 0 0 0 0 0 0 0 0 0 0 -11 -12 -12 -12 -11  | 
-3 -3 -2 -2 -2 -1: 0 0 0 0 0 0 40 0 0 0 0 0 0 0 0 0 0 -10 -11 -11 -11 -10  | 
-3 -3 -2 -2 -2 0: 0 0 0 0 0 0 36 0 0 0 0 0 0 0 0 0 0 -9 -10 -10 -10 -9  | 
-2 0 0 0 0 -3: 0 0 0 0 0 0 18 0 0 0 0 0 0 0 0 0 0 -5 -5 -5 -5 -3  | 
-2 0 0 0 0 -2: 0 0 0 0 0 0 14 0 0 0 0 0 0 0 0 0 0 -4 -4 -4 -4 -2  | 
-2 0 0 0 0 -1: 0 0 0 0 0 0 10 0 0 0 0 0 0 0 0 0 0 -3 -3 -3 -3 -1  | 
-2 0 0 0 0 0: 0 0 0 0 0 0 6 0 0 0 0 0 0 0 0 0 0 -2 -2 -2 -2 0  | 
-2 0 0 0 0 1: 0 0 0 0 0 0 6 0 0 0 0 0 0 0 0 0 0 -2 -2 -2 -2 1  | 
-2 0 0 0 0 2: 0 0 0 0 0 0 6 0 0 0 0 0 0 0 0 0 0 -2 -2 -2 -2 2  |
-3 -3 -2 -2 -2 1: 0 0 0 0 0 0 32 0 0 0 0 0 0 0 0 0 0 -8 -9 -9 -9 -8  | 
-3 -3 -2 -2 -2 2: 0 0 0 0 0 0 28 0 0 0 0 0 0 0 0 0 0 -7 -8 -8 -8 -7  | 
-3 -3 -2 -2 -2 3: 0 0 0 0 0 0 24 0 0 0 0 0 0 0 0 0 0 -6 -7 -7 -7 -6  | 
-3 -3 -2 -2 -1 -3: 0 0 0 0 0 0 45 0 0 0 0 0 0 0 0 0 0 -11 -12 -12 -13 -11  | 
-3 -3 -2 -2 -1 -2: 0 0 0 0 0 0 41 0 0 0 0 0 0 0 0 0 0 -10 -11 -11 -12 -10  | 
-3 -3 -2 -2 -1 -1: 0 0 0 0 0 0 37 0 0 0 0 0 0 0 0 0 0 -9 -10 -10 -11 -9  | 
-3 -3 -2 -2 -1 0: 0 0 0 0 0 0 33 0 0 0 0 0 0 0 0 0 0 -8 -9 -9 -10 -8  | 
-3 -3 -2 -2 -1 1: 0 0 0 0 0 0 29 0 0 0 0 0 0 0 0 0 0 -7 -8 -8 -9 -7  | 
-3 -3 -2 -2 -1 2: 0 0 0 0 0 0 25 0 0 0 0 0 0 0 0 0 0 -6 -7 -7 -8 -6  | 
-3 -3 -2 -2 -1 3: 0 0 0 0 0 0 21 0 0 0 0 0 0 0 0 0 0 -5 -6 -6 -7 -5  | 
-3 -3 -2 -2 0 -3: 0 0 0 0 0 0 42 0 0 0 0 0 0 0 0 0 0 -10 -11 -11 -13 -10  | 
-3 -3 -2 -2 0 -2: 0 0 0 0 0 0 38 0 0 0 0 0 0 0 0 0 0 -9 -10 -10 -12 -9  | 
-3 -3 -2 -2 0 -1: 0 0 0 0 0 0 34 0 0 0 0 0 0 0 0 0 0 -8 -9 -9 -11 -8  | 
-3 -3 -2 -2 0 0: 0 0 0 0 0 0 30 0 0 0 0 0 0 0 0 0 0 -7 -8 -8 -10 -7  | 
-3 -3 -2 -2 0 1: 0 0 0 0 0 0 26 0 0 0 0 0 0 0 0 0 0 -6 -7 -7 -9 -6  | 
-3 -3 -2 -2 0 2: 0 0 0 0 0 0 22 0 0 0 0 0 0 0 0 0 0 -5 -6 -6 -8 -5  | 
-3 -3 -2 -2 0 3: 0 0 0 0 0 0 18 0 0 0 0 0 0 0 0 0 0 -4 -5 -5 -7 -4  | 
-1 -1 -1 -1 -1 -3: 0 0 0 0 0 0 27 0 0 0 0 0 0 0 0 0 0 -7 -7 -7 -7 -7  | 
-1 -1 -1 -1 -1 -2: 0 0 0 0 0 0 23 0 0 0 0 0 0 0 0 0 0 -6 -6 -6 -6 -6  | 
-1 -1 -1 -1 -1 -1: 0 0 0 0 0 0 19 0 0 0 0 0 0 0 0 0 0 -5 -5 -5 -5 -5  | 
-1 -1 -1 -1 -1 0: 0 0 0 0 0 0 15 0 0 0 0 0 0 0 0 0 0 -4 -4 -4 -4 -4  | 
-1 -1 -1 -1 -1 1: 0 0 0 0 0 0 11 0 0 0 0 0 0 0 0 0 0 -3 -3 -3 -3 -3  | 
-1 -1 -1 -1 -1 2: 0 0 0 0 0 0 7 0 0 0 0 0 0 0 0 0 0 -2 -2 -2 -2 -2  | 
-1 -1 -1 -1 -1 3: 0 0 0 0 0 0 3 0 0 0 0 0 0 0 0 0 0 -1 -1 -1 -1 -1  | 
-1 -1 -1 -1 0 -3: 0 0 0 0 0 0 24 0 0 0 0 0 0 0 0 0 0 -6 -6 -6 -7 -6  | 
-1 -1 -1 -1 0 -2: 0 0 0 0 0 0 20 0 0 0 0 0 0 0 0 0 0 -5 -5 -5 -6 -5  | 
-1 -1 -1 -1 0 -1: 0 0 0 0 0 0 16 0 0 0 0 0 0 0 0 0 0 -4 -4 -4 -5 -4  | 
-1 -1 -1 -1 0 0: 0 0 0 0 0 0 12 0 0 0 0 0 0 0 0 0 0 -3 -3 -3 -4 -3  | 
-1 -1 -1 -1 0 1: 0 0 0 0 0 0 8 0 0 0 0 0 0 0 0 0 0 -2 -2 -2 -3 -2  | 
-1 -1 -1 -1 0 2: 0 0 0 0 0 0 4 0 0 0 0 0 0 0 0 0 0 -1 -1 -1 -2 -1  | 
-1 -1 -1 0 0 -3: 0 0 0 0 0 0 21 0 0 0 0 0 0 0 0 0 0 -5 -5 -6 -6 -5  | 
-1 -1 -1 0 0 -2: 0 0 0 0 0 0 17 0 0 0 0 0 0 0 0 0 0 -4 -4 -5 -5 -4  | 
-1 -1 -1 0 0 -1: 0 0 0 0 0 0 13 0 0 0 0 0 0 0 0 0 0 -3 -3 -4 -4 -3  | 
-1 -1 -1 0 0 0: 0 0 0 0 0 0 9 0 0 0 0 0 0 0 0 0 0 -2 -2 -3 -3 -2  | 
-1 -1 -1 0 0 1: 0 0 0 0 0 0 5 0 0 0 0 0 0 0 0 0 0 -1 -1 -2 -2 -1  | 
-3 -3 -2 -1 -1 -3: 0 0 0 0 0 0 42 0 0 0 0 0 0 0 0 0 0 -10 -11 -12 -12 -10  | 
-1 -1 0 0 0 -3: 0 0 0 0 0 0 18 0 0 0 0 0 0 0 0 0 0 -4 -5 -5 -5 -4  | 
-1 -1 0 0 0 -2: 0 0 0 0 0 0 14 0 0 0 0 0 0 0 0 0 0 -3 -4 -4 -4 -3  | 
-1 -1 0 0 0 -1: 0 0 0 0 0 0 10 0 0 0 0 0 0 0 0 0 0 -2 -3 -3 -3 -2  | 
-1 -1 0 0 0 0: 0 0 0 0 0 0 6 0 0 0 0 0 0 0 0 0 0 -1 -2 -2 -2 -1  | 
-3 -3 -2 -1 -1 -2: 0 0 0 0 0 0 38 0 0 0 0 0 0 0 0 0 0 -9 -10 -11 -11 -9  | 
-3 -3 -2 -1 -1 -1: 0 0 0 0 0 0 34 0 0 0 0 0 0 0 0 0 0 -8 -9 -10 -10 -8  | 
-3 -3 -2 -1 -1 0: 0 0 0 0 0 0 30 0 0 0 0 0 0 0 0 0 0 -7 -8 -9 -9 -7  | 
-3 -3 -2 -1 -1 1: 0 0 0 0 0 0 26 0 0 0 0 0 0 0 0 0 0 -6 -7 -8 -8 -6  | 
-3 -3 -2 -1 -1 2: 0 0 0 0 0 0 22 0 0 0 0 0 0 0 0 0 0 -5 -6 -7 -7 -5  | 
-3 -3 -2 -1 -1 3: 0 0 0 0 0 0 18 0 0 0 0 0 0 0 0 0 0 -4 -5 -6 -6 -4  | 
-3 -3 -2 -1 0 -3: 0 0 0 0 0 0 39 0 0 0 0 0 0 0 0 0 0 -9 -10 -11 -12 -9  | 
-3 -3 -2 -1 0 -2: 0 0 0 0 0 0 35 0 0 0 0 0 0 0 0 0 0 -8 -9 -10 -11 -8  | 
-3 -3 -2 -1 0 -1: 0 0 0 0 0 0 31 0 0 0 0 0 0 0 0 0 0 -7 -8 -9 -10 -7  | 
-3 -3 -2 -1 0 0: 0 0 0 0 0 0 27 0 0 0 0 0 0 0 0 0 0 -6 -7 -8 -9 -6  | 
-3 -3 -2 -1 0 1: 0 0 0 0 0 0 23 0 0 0 0 0 0 0 0 0 0 -5 -6 -7 -8 -5  | 
-3 -3 -2 -1 0 2: 0 0 0 0 0 0 19 0 0 0 0 0 0 0 0 0 0 -4 -5 -6 -7 -4  | 
-3 -3 -2 -1 0 3: 0 0 0 0 0 0 15 0 0 0 0 0 0 0 0 0 0 -3 -4 -5 -6 -3  | 
-3 -3 -3 -3 -2 2: 0 0 0 0 0 0 34 0 0 0 0 0 0 0 0 0 0 -9 -9 -9 -10 -9  | 
-3 -3 -3 -3 -2 3: 0 0 0 0 0 0 30 0 0 0 0 0 0 0 0 0 0 -8 -8 -8 -9 -8  | 
-3 -3 -3 -3 -1 -3: 0 0 0 0 0 0 51 0 0 0 0 0 0 0 0 0 0 -13 -13 -13 -15 -13  | 
-3 -3 -3 -3 -1 -2: 0 0 0 0 0 0 47 0 0 0 0 0 0 0 0 0 0 -12 -12 -12 -14 -12  | 
-3 -3 -3 -3 -1 -1: 0 0 0 0 0 0 43 0 0 0 0 0 0 0 0 0 0 -11 -11 -11 -13 -11  | 
-3 -3 -3 -3 -1 0: 0 0 0 0 0 0 39 0 0 0 0 0 0 0 0 0 0 -10 -10 -10 -12 -10  | 
-3 -3 -3 -3 -1 1: 0 0 0 0 0 0 35 0 0 0 0 0 0 0 0 0 0 -9 -9 -9 -11 -9  | 
-1 0 0 0 0 -3: 0 0 0 0 0 0 15 0 0 0 0 0 0 0 0 0 0 -4 -4 -4 -4 -3  | 
-1 0 0 0 0 -2: 0 0 0 0 0 0 11 0 0 0 0 0 0 0 0 0 0 -3 -3 -3 -3 -2  | 
-1 0 0 0 0 -1: 0 0 0 0 0 0 7 0 0 0 0 0 0 0 0 0 0 -2 -2 -2 -2 -1  | 
-1 0 0 0 0 0: 0 0 0 0 0 0 3 0 0 0 0 0 0 0 0 0 0 -1 -1 -1 -1 0  | 
-1 0 0 0 0 1: 0 0 0 0 0 0 3 0 0 0 0 0 0 0 0 0 0 -1 -1 -1 -1 1 |
-3 -3 -2 0 0 -3: 0 0 0 0 0 0 36 0 0 0 0 0 0 0 0 0 0 -8 -9 -11 -11 -8  | 
-3 -3 -2 0 0 -2: 0 0 0 0 0 0 32 0 0 0 0 0 0 0 0 0 0 -7 -8 -10 -10 -7  | 
-3 -3 -2 0 0 -1: 0 0 0 0 0 0 28 0 0 0 0 0 0 0 0 0 0 -6 -7 -9 -9 -6  | 
-3 -3 -2 0 0 0: 0 0 0 0 0 0 24 0 0 0 0 0 0 0 0 0 0 -5 -6 -8 -8 -5  | 
-3 -3 -2 0 0 1: 0 0 0 0 0 0 20 0 0 0 0 0 0 0 0 0 0 -4 -5 -7 -7 -4  | 
 0 0 0 0 0 -3: 0 0 0 0 0 0 12 0 0 0 0 0 0 0 0 0 0 -3 -3 -3 -3 -3  | 
 0 0 0 0 0 -2: 0 0 0 0 0 0 8 0 0 0 0 0 0 0 0 0 0 -2 -2 -2 -2 -2  | 
 0 0 0 0 0 -1: 0 0 0 0 0 0 4 0 0 0 0 0 0 0 0 0 0 -1 -1 -1 -1 -1  | 
 0 0 0 0 1 0: 0 0 0 0 0 0 3 1 1 0 1 1 0 1 0 1 0 -2 -2 -2 0 -2  | 
 0 0 0 0 2 0: 0 0 0 0 0 0 6 2 2 0 2 2 0 2 0 2 0 -4 -4 -4 0 -4  | 
 0 0 0 0 3 0: 0 0 0 0 0 0 9 3 3 0 3 3 0 3 0 3 0 -6 -6 -6 0 -6  | 
-3 -3 -2 0 0 2: 0 0 0 0 0 0 16 0 0 0 0 0 0 0 0 0 0 -3 -4 -6 -6 -3  | 
1 1 1 1 1 -2: 0 0 0 0 0 0 3 1 1 1 1 1 1 1 1 1 1 -2 -2 -2 -2 -2  | 
-3 -3 -3 -3 -1 2: 0 0 0 0 0 0 31 0 0 0 0 0 0 0 0 0 0 -8 -8 -8 -10 -8  | 
-3 -3 -3 -3 -1 3: 0 0 0 0 0 0 27 0 0 0 0 0 0 0 0 0 0 -7 -7 -7 -9 -7  | 
-3 -3 -3 -3 0 -3: 0 0 0 0 0 0 48 0 0 0 0 0 0 0 0 0 0 -12 -12 -12 -15 -12  | 
-3 -3 -3 -3 0 -2: 0 0 0 0 0 0 44 0 0 0 0 0 0 0 0 0 0 -11 -11 -11 -14 -11  | 
-3 -3 -3 -3 0 -1: 0 0 0 0 0 0 40 0 0 0 0 0 0 0 0 0 0 -10 -10 -10 -13 -10  | 
-3 -3 -3 -3 0 0: 0 0 0 0 0 0 36 0 0 0 0 0 0 0 0 0 0 -9 -9 -9 -12 -9  | 
-3 -3 -1 -1 -1 -3: 0 0 0 0 0 0 39 0 0 0 0 0 0 0 0 0 0 -9 -11 -11 -11 -9  | 
-3 -3 -1 -1 -1 -2: 0 0 0 0 0 0 35 0 0 0 0 0 0 0 0 0 0 -8 -10 -10 -10 -8  | 
-3 -3 -1 -1 -1 -1: 0 0 0 0 0 0 31 0 0 0 0 0 0 0 0 0 0 -7 -9 -9 -9 -7  | 
-3 -3 -1 -1 -1 0: 0 0 0 0 0 0 27 0 0 0 0 0 0 0 0 0 0 -6 -8 -8 -8 -6  | 
-3 -3 -1 -1 -1 1: 0 0 0 0 0 0 23 0 0 0 0 0 0 0 0 0 0 -5 -7 -7 -7 -5  | 
-3 -3 -1 -1 -1 2: 0 0 0 0 0 0 19 0 0 0 0 0 0 0 0 0 0 -4 -6 -6 -6 -4  | 
-3 -3 -1 -1 -1 3: 0 0 0 0 0 0 15 0 0 0 0 0 0 0 0 0 0 -3 -5 -5 -5 -3  | 
-3 -3 -1 -1 0 -3: 0 0 0 0 0 0 36 0 0 0 0 0 0 0 0 0 0 -8 -10 -10 -11 -8  | 
-3 -3 -1 -1 0 -2: 0 0 0 0 0 0 32 0 0 0 0 0 0 0 0 0 0 -7 -9 -9 -10 -7  | 
-3 -3 -1 -1 0 -1: 0 0 0 0 0 0 28 0 0 0 0 0 0 0 0 0 0 -6 -8 -8 -9 -6  | 
-3 -3 -1 -1 0 0: 0 0 0 0 0 0 24 0 0 0 0 0 0 0 0 0 0 -5 -7 -7 -8 -5  | 
-3 -3 -1 -1 0 1: 0 0 0 0 0 0 20 0 0 0 0 0 0 0 0 0 0 -4 -6 -6 -7 -4  | 
-3 -3 -1 -1 0 2: 0 0 0 0 0 0 16 0 0 0 0 0 0 0 0 0 0 -3 -5 -5 -6 -3  | 
-3 -3 -1 0 0 -3: 0 0 0 0 0 0 33 0 0 0 0 0 0 0 0 0 0 -7 -9 -10 -10 -7  | 
-3 -3 -1 0 0 -2: 0 0 0 0 0 0 29 0 0 0 0 0 0 0 0 0 0 -6 -8 -9 -9 -6  | 
-3 -3 -1 0 0 -1: 0 0 0 0 0 0 25 0 0 0 0 0 0 0 0 0 0 -5 -7 -8 -8 -5  | 
-3 -3 -3 -3 0 1: 0 0 0 0 0 0 32 0 0 0 0 0 0 0 0 0 0 -8 -8 -8 -11 -8  | 
-3 -3 -3 -3 0 2: 0 0 0 0 0 0 28 0 0 0 0 0 0 0 0 0 0 -7 -7 -7 -10 -7  | 
-3 -3 -3 -3 0 3: 0 0 0 0 0 0 24 0 0 0 0 0 0 0 0 0 0 -6 -6 -6 -9 -6  | 
-3 -3 -1 0 0 0: 0 0 0 0 0 0 21 0 0 0 0 0 0 0 0 0 0 -4 -6 -7 -7 -4  | 
-3 -3 -1 0 0 1: 0 0 0 0 0 0 17 0 0 0 0 0 0 0 0 0 0 -3 -5 -6 -6 -3  | 
-3 -3 0 0 0 -3: 0 0 0 0 0 0 30 0 0 0 0 0 0 0 0 0 0 -6 -9 -9 -9 -6  | 
-3 -3 0 0 0 -2: 0 0 0 0 0 0 26 0 0 0 0 0 0 0 0 0 0 -5 -8 -8 -8 -5  | 
-3 -3 0 0 0 -1: 0 0 0 0 0 0 22 0 0 0 0 0 0 0 0 0 0 -4 -7 -7 -7 -4  | 
-3 -3 0 0 0 0: 0 0 0 0 0 0 18 0 0 0 0 0 0 0 0 0 0 -3 -6 -6 -6 -3  | 
-3 -3 -3 -2 -2 -3: 0 0 0 0 0 0 51 0 0 0 0 0 0 0 0 0 0 -13 -13 -14 -14 -13  | 
-3 -3 -3 -2 -2 -2: 0 0 0 0 0 0 47 0 0 0 0 0 0 0 0 0 0 -12 -12 -13 -13 -12  | 
-3 -2 -2 -2 -2 -3: 0 0 0 0 0 0 45 0 0 0 0 0 0 0 0 0 0 -12 -12 -12 -12 -11  | 
-3 -2 -2 -2 -2 -2: 0 0 0 0 0 0 41 0 0 0 0 0 0 0 0 0 0 -11 -11 -11 -11 -10  | 
-3 -2 -2 -2 -2 -1: 0 0 0 0 0 0 37 0 0 0 0 0 0 0 0 0 0 -10 -10 -10 -10 -9  | 
-3 -2 -2 -2 -2 0: 0 0 0 0 0 0 33 0 0 0 0 0 0 0 0 0 0 -9 -9 -9 -9 -8  | 
-3 -2 -2 -2 -2 1: 0 0 0 0 0 0 29 0 0 0 0 0 0 0 0 0 0 -8 -8 -8 -8 -7  | 
-3 -2 -2 -2 -2 2: 0 0 0 0 0 0 25 0 0 0 0 0 0 0 0 0 0 -7 -7 -7 -7 -6  | 
-3 -2 -2 -2 -2 3: 0 0 0 0 0 0 21 0 0 0 0 0 0 0 0 0 0 -6 -6 -6 -6 -5  | 
-3 -2 -2 -2 -1 -3: 0 0 0 0 0 0 42 0 0 0 0 0 0 0 0 0 0 -11 -11 -11 -12 -10  | 
-3 -2 -2 -2 -1 -2: 0 0 0 0 0 0 38 0 0 0 0 0 0 0 0 0 0 -10 -10 -10 -11 -9  | 
-3 -2 -2 -2 -1 -1: 0 0 0 0 0 0 34 0 0 0 0 0 0 0 0 0 0 -9 -9 -9 -10 -8  | 
-3 -2 -2 -2 -1 0: 0 0 0 0 0 0 30 0 0 0 0 0 0 0 0 0 0 -8 -8 -8 -9 -7  | 
-3 -2 -2 -2 -1 1: 0 0 0 0 0 0 26 0 0 0 0 0 0 0 0 0 0 -7 -7 -7 -8 -6  | 
-3 -2 -2 -2 -1 2: 0 0 0 0 0 0 22 0 0 0 0 0 0 0 0 0 0 -6 -6 -6 -7 -5  | 
-3 -2 -2 -2 -1 3: 0 0 0 0 0 0 18 0 0 0 0 0 0 0 0 0 0 -5 -5 -5 -6 -4  | 
-3 -2 -2 -2 0 -3: 0 0 0 0 0 0 39 0 0 0 0 0 0 0 0 0 0 -10 -10 -10 -12 -9  | 
-3 -2 -2 -2 0 -2: 0 0 0 0 0 0 35 0 0 0 0 0 0 0 0 0 0 -9 -9 -9 -11 -8  | 
-3 -2 -2 -2 0 -1: 0 0 0 0 0 0 31 0 0 0 0 0 0 0 0 0 0 -8 -8 -8 -10 -7  | 
-3 -2 -2 -2 0 0: 0 0 0 0 0 0 27 0 0 0 0 0 0 0 0 0 0 -7 -7 -7 -9 -6  | 
-3 -2 -2 -2 0 1: 0 0 0 0 0 0 23 0 0 0 0 0 0 0 0 0 0 -6 -6 -6 -8 -5  | 
-3 -2 -2 -2 0 2: 0 0 0 0 0 0 19 0 0 0 0 0 0 0 0 0 0 -5 -5 -5 -7 -4  | 
-3 -2 -2 -2 0 3: 0 0 0 0 0 0 15 0 0 0 0 0 0 0 0 0 0 -4 -4 -4 -6 -3  | 
-3 -2 -2 -1 -1 -3: 0 0 0 0 0 0 39 0 0 0 0 0 0 0 0 0 0 -10 -10 -11 -11 -9  | 
-3 -2 -2 -1 -1 -2: 0 0 0 0 0 0 35 0 0 0 0 0 0 0 0 0 0 -9 -9 -10 -10 -8  | 
-3 -2 -2 -1 -1 -1: 0 0 0 0 0 0 31 0 0 0 0 0 0 0 0 0 0 -8 -8 -9 -9 -7  | 
-3 -2 -2 -1 -1 0: 0 0 0 0 0 0 27 0 0 0 0 0 0 0 0 0 0 -7 -7 -8 -8 -6  | 
-3 -2 -2 -1 -1 1: 0 0 0 0 0 0 23 0 0 0 0 0 0 0 0 0 0 -6 -6 -7 -7 -5  | 
-3 -2 -2 -1 -1 2: 0 0 0 0 0 0 19 0 0 0 0 0 0 0 0 0 0 -5 -5 -6 -6 -4  | 
-3 -2 -2 -1 -1 3: 0 0 0 0 0 0 15 0 0 0 0 0 0 0 0 0 0 -4 -4 -5 -5 -3  | 
-3 -2 -2 -1 0 -3: 0 0 0 0 0 0 36 0 0 0 0 0 0 0 0 0 0 -9 -9 -10 -11 -8  | 
-3 -2 -2 -1 0 -2: 0 0 0 0 0 0 32 0 0 0 0 0 0 0 0 0 0 -8 -8 -9 -10 -7  | 
-3 -2 -2 -1 0 -1: 0 0 0 0 0 0 28 0 0 0 0 0 0 0 0 0 0 -7 -7 -8 -9 -6  | 
-3 -3 -3 -2 -2 -1: 0 0 0 0 0 0 43 0 0 0 0 0 0 0 0 0 0 -11 -11 -12 -12 -11  | 
-3 -3 -3 -2 -2 0: 0 0 0 0 0 0 39 0 0 0 0 0 0 0 0 0 0 -10 -10 -11 -11 -10  | 
-3 -3 -3 -2 -2 1: 0 0 0 0 0 0 35 0 0 0 0 0 0 0 0 0 0 -9 -9 -10 -10 -9  | 
-3 -3 -3 -2 -2 2: 0 0 0 0 0 0 31 0 0 0 0 0 0 0 0 0 0 -8 -8 -9 -9 -8  | 
-3 -3 -3 -2 -2 3: 0 0 0 0 0 0 27 0 0 0 0 0 0 0 0 0 0 -7 -7 -8 -8 -7  | 
-3 -3 -3 -2 -1 -3: 0 0 0 0 0 0 48 0 0 0 0 0 0 0 0 0 0 -12 -12 -13 -14 -12  | 
-3 -3 -3 -2 -1 -2: 0 0 0 0 0 0 44 0 0 0 0 0 0 0 0 0 0 -11 -11 -12 -13 -11  | 
