5 1: -3 -2 -2 -1 0 0 job_100/100.txt
5 1: -3 -2 -2 -1 0 1 job_100/100.txt
5 1: -3 -2 -2 -1 0 2 job_100/100.txt
5 1: -3 -2 -2 -1 0 3 job_100/100.txt
5 1: -3 -2 -2  0 0 -3 job_103/103.txt
5 1: -3 -2 -2  0 0 -2 job_104/104.txt
5 1: -3 -2 -2  0 0 -1 job_104/104.txt
5 1: -3 -2 -2  0 0 0 job_104/104.txt
5 1: -3 -2 -2  0 0 1 job_104/104.txt
5 1: -3 -2 -2  0 0 2 job_104/104.txt
5 1: -3 -3 -3 -2 -1 -1 job_10/10.txt
5 1: -3 -3 -3 -2 -1 0 job_10/10.txt
5 1: -3 -3 -3 -2 -1 1 job_10/10.txt
5 1: -3 -3 -3 -2 -1 2 job_10/10.txt
5 1: -3 -3 -3 -2 -1 3 job_10/10.txt
5 1: -3 -3 -3 -2 0 -3 job_10/10.txt
5 1: -3 -2 -1 -1 -1 -3 job_114/114.txt
5 1: -3 -2 -1 -1 -1 -2 job_114/114.txt
5 1: -3 -2 -1 -1 -1 -1 job_115/115.txt
5 1: -3 -2 -1 -1 -1 0 job_115/115.txt
5 1: -3 -2 -1 -1 -1 1 job_115/115.txt
5 1: -3 -2 -1 -1 -1 2 job_115/115.txt
5 1: -3 -2 -1 -1 -1 3 job_115/115.txt
5 1: -3 -2 -1 -1 0 -3 job_115/115.txt
5 1: -3 -2 -1 -1 0 -2 job_116/116.txt
5 1: -3 -2 -1 -1 0 -1 job_116/116.txt
5 1: -3 -2 -1 -1 0 0 job_116/116.txt
5 1: -3 -2 -1 -1 0 1 job_116/116.txt
5 1: -3 -2 -1 -1 0 2 job_116/116.txt
5 1: -3 -3 -3 -2 0 -2 job_11/11.txt
5 1: -3 -3 -3 -2 0 -1 job_11/11.txt
5 1: -3 -3 -3 -2 0 0 job_11/11.txt
5 1: -3 -3 -3 -2 0 1 job_11/11.txt
5 1: -3 -3 -3 -2 0 2 job_11/11.txt
5 1: -3 -3 -3 -2 0 3 job_11/11.txt
5 1: -3 -2 -1  0 0 -3 job_120/120.txt
5 1: -3 -2 -1  0 0 -2 job_120/120.txt
5 1: -3 -2 -1  0 0 -1 job_120/120.txt
5 1: -3 -2 -1  0 0 0 job_120/120.txt
5 1: -3 -2 -1  0 0 1 job_120/120.txt
5 1: -3 -2  0 0 0 -3 job_131/131.txt
5 1: -3 -2  0 0 0 -2 job_131/131.txt
5 1: -3 -2  0 0 0 -1 job_131/131.txt
5 1: -3 -2  0 0 0 0 job_131/131.txt
5 1: -3 -1 -1 -1 -1 -3 job_152/152.txt
5 1: -3 -1 -1 -1 -1 -2 job_152/152.txt
5 1: -3 -1 -1 -1 -1 -1 job_152/152.txt
5 1: -3 -1 -1 -1 -1 0 job_153/153.txt
5 1: -3 -1 -1 -1 -1 1 job_153/153.txt
5 1: -3 -1 -1 -1 -1 2 job_153/153.txt
5 1: -3 -1 -1 -1 -1 3 job_153/153.txt
5 1: -3 -1 -1 -1 0 -3 job_153/153.txt
5 1: -3 -1 -1 -1 0 -2 job_153/153.txt
5 1: -3 -1 -1 -1 0 -1 job_154/154.txt
5 1: -3 -1 -1 -1 0 0 job_154/154.txt
5 1: -3 -1 -1 -1 0 1 job_154/154.txt
5 1: -3 -1 -1 -1 0 2 job_154/154.txt
5 1: -3 -1 -1 0 0 -3 job_158/158.txt
5 1: -3 -1 -1 0 0 -2 job_158/158.txt
5 1: -3 -1 -1 0 0 -1 job_158/158.txt
5 1: -3 -1 -1 0 0 0 job_158/158.txt
5 1: -3 -1 -1 0 0 1 job_158/158.txt
5 1: -3 -3 -3 -1 -1 -3 job_15/15.txt
5 1: -3 -3 -3 -1 -1 -2 job_15/15.txt
5 1: -3 -3 -3 -1 -1 -1 job_15/15.txt
5 1: -3 -3 -3 -1 -1 0 job_15/15.txt
5 1: -3 -3 -3 -1 -1 1 job_15/15.txt
5 1: -3 -3 -3 -1 -1 2 job_15/15.txt
5 1: -3 -1 0 0 0 -3 job_168/168.txt
5 1: -3 -1 0 0 0 -2 job_169/169.txt
5 1: -3 -1 0 0 0 -1 job_169/169.txt
5 1: -3 -1 0 0 0 0 job_169/169.txt
5 1: -3 -3 -3 -1 -1 3 job_16/16.txt
5 1: -3 -3 -3 -1 0 -3 job_16/16.txt
5 1: -3 -3 -3 -1 0 -2 job_16/16.txt
5 1: -3 -3 -3 -1 0 -1 job_16/16.txt
5 1: -3 -3 -3 -1 0 0 job_16/16.txt
5 1: -3 -3 -3 -1 0 1 job_16/16.txt
5 1: -3 -3 -3 -1 0 2 job_17/17.txt
5 1: -3 -3 -3 -1 0 3 job_17/17.txt
5 1: -3 0 0 0 0 -3 job_190/190.txt
5 1: -3 0 0 0 0 -2 job_190/190.txt
5 1: -3 0 0 0 0 -1 job_190/190.txt
5 1: -3 0 0 0 0 0 job_191/191.txt
5 1: -3 0 0 0 0 1 job_191/191.txt
5 1: -3 0 0 0 0 2 job_191/191.txt
5 1: -3 0 0 0 0 3 job_191/191.txt
5 1: -3 -3 -3 -3 -3 -3 job_1/1.txt
5 1: -3 -3 -3 -3 -3 -2 job_1/1.txt
5 1: -3 -3 -3 -3 -3 -1 job_1/1.txt
5 1: -3 -3 -3 -3 -3 0 job_1/1.txt
5 1: -3 -3 -3 -3 -3 1 job_1/1.txt
5 1: -3 -3 -3 -3 -3 2 job_1/1.txt
5 1: -3 -3 -3 0 0 -3 job_20/20.txt
5 1: -3 -3 -3 0 0 -2 job_20/20.txt
5 1: -3 -3 -3 0 0 -1 job_20/20.txt
5 1: -3 -3 -3 0 0 0 job_21/21.txt
5 1: -3 -3 -3 0 0 1 job_21/21.txt
5 1: -3 -3 -3 0 0 2 job_21/21.txt
5 1: -3 -3 -3 0 0 3 job_21/21.txt
5 1: -2 -2 -2 -2 -2 -3 job_228/228.txt
5 1: -2 -2 -2 -2 -2 -2 job_228/228.txt
5 1: -2 -2 -2 -2 -2 -1 job_228/228.txt
5 1: -2 -2 -2 -2 -2 0 job_228/228.txt
5 1: -2 -2 -2 -2 -2 1 job_229/229.txt
5 1: -2 -2 -2 -2 -2 2 job_229/229.txt
5 1: -2 -2 -2 -2 -2 3 job_229/229.txt
5 1: -2 -2 -2 -2 -1 -3 job_229/229.txt
5 1: -2 -2 -2 -2 -1 -2 job_229/229.txt
5 1: -2 -2 -2 -2 -1 -1 job_229/229.txt
5 1: -2 -2 -2 -2 -1 0 job_229/229.txt
5 1: -2 -2 -2 -2 -1 1 job_230/230.txt
5 1: -2 -2 -2 -2 -1 2 job_230/230.txt
5 1: -2 -2 -2 -2 -1 3 job_230/230.txt
5 1: -2 -2 -2 -2 0 -3 job_230/230.txt
5 1: -2 -2 -2 -2 0 -2 job_230/230.txt
5 1: -2 -2 -2 -2 0 -1 job_230/230.txt
5 1: -2 -2 -2 -2 0 0 job_231/231.txt
5 1: -2 -2 -2 -2 0 1 job_231/231.txt
5 1: -2 -2 -2 -2 0 2 job_231/231.txt
5 1: -2 -2 -2 -2 0 3 job_231/231.txt
5 1: -2 -2 -2 -1 -1 -3 job_234/234.txt
5 1: -2 -2 -2 -1 -1 -2 job_235/235.txt
5 1: -2 -2 -2 -1 -1 -1 job_235/235.txt
5 1: -2 -2 -2 -1 -1 0 job_235/235.txt
5 1: -2 -2 -2 -1 -1 1 job_235/235.txt
5 1: -2 -2 -2 -1 -1 2 job_235/235.txt
5 1: -2 -2 -2 -1 -1 3 job_235/235.txt
5 1: -2 -2 -2 -1 0 -3 job_236/236.txt
5 1: -2 -2 -2 -1 0 -2 job_236/236.txt
5 1: -2 -2 -2 -1 0 -1 job_236/236.txt
5 1: -2 -2 -2 -1 0 0 job_236/236.txt
5 1: -2 -2 -2 -1 0 1 job_236/236.txt
5 1: -2 -2 -2 -1 0 2 job_236/236.txt
5 1: -2 -2 -2 -1 0 3 job_236/236.txt
5 1: -2 -2 -2 0 0 -3 job_240/240.txt
5 1: -2 -2 -2 0 0 -2 job_240/240.txt
5 1: -2 -2 -2 0 0 -1 job_240/240.txt
5 1: -2 -2 -2 0 0 0 job_240/240.txt
5 1: -2 -2 -2 0 0 1 job_240/240.txt
5 1: -2 -2 -2 0 0 2 job_241/241.txt
5 1: -2 -2 -1 -1 -1 -3 job_251/251.txt
5 1: -2 -2 -1 -1 -1 -2 job_251/251.txt
5 1: -2 -2 -1 -1 -1 -1 job_251/251.txt
5 1: -2 -2 -1 -1 -1 0 job_251/251.txt
5 1: -2 -2 -1 -1 -1 1 job_251/251.txt
5 1: -2 -2 -1 -1 -1 2 job_251/251.txt
5 1: -2 -2 -1 -1 -1 3 job_252/252.txt
5 1: -2 -2 -1 -1 0 -3 job_252/252.txt
5 1: -2 -2 -1 -1 0 -2 job_252/252.txt
5 1: -2 -2 -1 -1 0 -1 job_252/252.txt
5 1: -2 -2 -1 -1 0 0 job_252/252.txt
5 1: -2 -2 -1 -1 0 1 job_252/252.txt
5 1: -2 -2 -1 -1 0 2 job_253/253.txt
5 1: -2 -2 -1 0 0 -3 job_256/256.txt
5 1: -2 -2 -1 0 0 -2 job_256/256.txt
5 1: -2 -2 -1 0 0 -1 job_256/256.txt
5 1: -2 -2 -1 0 0 0 job_257/257.txt
5 1: -2 -2 -1 0 0 1 job_257/257.txt
5 1: -2 -2 0 0 0 -3 job_267/267.txt
5 1: -2 -2 0 0 0 -2 job_267/267.txt
5 1: -2 -2 0 0 0 -1 job_267/267.txt
5 1: -2 -2 0 0 0 0 job_267/267.txt
5 1: -2 -1 -1 -1 -1 -3 job_289/289.txt
5 1: -2 -1 -1 -1 -1 -2 job_289/289.txt
5 1: -2 -1 -1 -1 -1 -1 job_289/289.txt
5 1: -2 -1 -1 -1 -1 0 job_289/289.txt
5 1: -2 -1 -1 -1 -1 1 job_289/289.txt
5 1: -2 -1 -1 -1 -1 2 job_289/289.txt
5 1: -2 -1 -1 -1 -1 3 job_289/289.txt
5 1: -2 -1 -1 -1 0 -3 job_290/290.txt
5 1: -2 -1 -1 -1 0 -2 job_290/290.txt
5 1: -2 -1 -1 -1 0 -1 job_290/290.txt
5 1: -2 -1 -1 -1 0 0 job_290/290.txt
5 1: -2 -1 -1 -1 0 1 job_290/290.txt
5 1: -2 -1 -1 -1 0 2 job_290/290.txt
5 1: -2 -1 -1 0 0 -3 job_294/294.txt
5 1: -2 -1 -1 0 0 -2 job_294/294.txt
5 1: -2 -1 -1 0 0 -1 job_294/294.txt
5 1: -2 -1 -1 0 0 0 job_294/294.txt
5 1: -2 -1 -1 0 0 1 job_295/295.txt
5 1: -2 -1 0 0 0 -3 job_305/305.txt
5 1: -2 -1 0 0 0 -2 job_305/305.txt
5 1: -2 -1 0 0 0 -1 job_305/305.txt
5 1: -2 -1 0 0 0 0 job_305/305.txt
5 1: -3 -3 -2 -2 -2 -3 job_31/31.txt
5 1: -3 -3 -2 -2 -2 -2 job_31/31.txt
5 1: -3 -3 -2 -2 -2 -1 job_31/31.txt
5 1: -3 -3 -2 -2 -2 0 job_31/31.txt
5 1: -2 0 0 0 0 -3 job_326/326.txt
5 1: -2 0 0 0 0 -2 job_327/327.txt
5 1: -2 0 0 0 0 -1 job_327/327.txt
5 1: -2 0 0 0 0 0 job_327/327.txt
5 1: -2 0 0 0 0 1 job_327/327.txt
5 1: -2 0 0 0 0 2 job_327/327.txt
5 1: -3 -3 -2 -2 -2 1 job_32/32.txt
5 1: -3 -3 -2 -2 -2 2 job_32/32.txt
5 1: -3 -3 -2 -2 -2 3 job_32/32.txt
5 1: -3 -3 -2 -2 -1 -3 job_32/32.txt
5 1: -3 -3 -2 -2 -1 -2 job_32/32.txt
5 1: -3 -3 -2 -2 -1 -1 job_32/32.txt
5 1: -3 -3 -2 -2 -1 0 job_33/33.txt
5 1: -3 -3 -2 -2 -1 1 job_33/33.txt
5 1: -3 -3 -2 -2 -1 2 job_33/33.txt
5 1: -3 -3 -2 -2 -1 3 job_33/33.txt
5 1: -3 -3 -2 -2 0 -3 job_33/33.txt
5 1: -3 -3 -2 -2 0 -2 job_33/33.txt
5 1: -3 -3 -2 -2 0 -1 job_33/33.txt
5 1: -3 -3 -2 -2 0 0 job_34/34.txt
5 1: -3 -3 -2 -2 0 1 job_34/34.txt
5 1: -3 -3 -2 -2 0 2 job_34/34.txt
5 1: -3 -3 -2 -2 0 3 job_34/34.txt
5 1: -1 -1 -1 -1 -1 -3 job_364/364.txt
5 1: -1 -1 -1 -1 -1 -2 job_364/364.txt
5 1: -1 -1 -1 -1 -1 -1 job_365/365.txt
5 1: -1 -1 -1 -1 -1 0 job_365/365.txt
5 1: -1 -1 -1 -1 -1 1 job_365/365.txt
5 1: -1 -1 -1 -1 -1 2 job_365/365.txt
5 1: -1 -1 -1 -1 -1 3 job_365/365.txt
5 1: -1 -1 -1 -1 0 -3 job_365/365.txt
5 1: -1 -1 -1 -1 0 -2 job_366/366.txt
5 1: -1 -1 -1 -1 0 -1 job_366/366.txt
5 1: -1 -1 -1 -1 0 0 job_366/366.txt
5 1: -1 -1 -1 -1 0 1 job_366/366.txt
5 1: -1 -1 -1 -1 0 2 job_366/366.txt
5 1: -1 -1 -1 0 0 -3 job_370/370.txt
5 1: -1 -1 -1 0 0 -2 job_370/370.txt
5 1: -1 -1 -1 0 0 -1 job_370/370.txt
5 1: -1 -1 -1 0 0 0 job_370/370.txt
5 1: -1 -1 -1 0 0 1 job_370/370.txt
5 1: -3 -3 -2 -1 -1 -3 job_37/37.txt
5 1: -1 -1 0 0 0 -3 job_381/381.txt
5 1: -1 -1 0 0 0 -2 job_381/381.txt
5 1: -1 -1 0 0 0 -1 job_381/381.txt
5 1: -1 -1 0 0 0 0 job_381/381.txt
5 1: -3 -3 -2 -1 -1 -2 job_38/38.txt
5 1: -3 -3 -2 -1 -1 -1 job_38/38.txt
5 1: -3 -3 -2 -1 -1 0 job_38/38.txt
5 1: -3 -3 -2 -1 -1 1 job_38/38.txt
5 1: -3 -3 -2 -1 -1 2 job_38/38.txt
5 1: -3 -3 -2 -1 -1 3 job_38/38.txt
5 1: -3 -3 -2 -1 0 -3 job_39/39.txt
5 1: -3 -3 -2 -1 0 -2 job_39/39.txt
5 1: -3 -3 -2 -1 0 -1 job_39/39.txt
5 1: -3 -3 -2 -1 0 0 job_39/39.txt
5 1: -3 -3 -2 -1 0 1 job_39/39.txt
5 1: -3 -3 -2 -1 0 2 job_39/39.txt
5 1: -3 -3 -2 -1 0 3 job_39/39.txt
5 1: -3 -3 -3 -3 -2 2 job_3/3.txt
5 1: -3 -3 -3 -3 -2 3 job_3/3.txt
5 1: -3 -3 -3 -3 -1 -3 job_3/3.txt
5 1: -3 -3 -3 -3 -1 -2 job_3/3.txt
5 1: -3 -3 -3 -3 -1 -1 job_3/3.txt
5 1: -3 -3 -3 -3 -1 0 job_3/3.txt
5 1: -3 -3 -3 -3 -1 1 job_3/3.txt
5 1: -1 0 0 0 0 -3 job_402/402.txt
5 1: -1 0 0 0 0 -2 job_402/402.txt
5 1: -1 0 0 0 0 -1 job_402/402.txt
5 1: -1 0 0 0 0 0 job_403/403.txt
5 1: -1 0 0 0 0 1 job_403/403.txt
5 1: -3 -3 -2 0 0 -3 job_43/43.txt
5 1: -3 -3 -2 0 0 -2 job_43/43.txt
5 1: -3 -3 -2 0 0 -1 job_43/43.txt
5 1: -3 -3 -2 0 0 0 job_43/43.txt
5 1: -3 -3 -2 0 0 1 job_43/43.txt
5 1: 0 0 0 0 0 -3 job_440/440.txt
5 1: 0 0 0 0 0 -2 job_440/440.txt
5 1: 0 0 0 0 0 -1 job_440/440.txt
5 1: 0 0 0 0 0 0 job_441/441.txt
5 1: 0 0 0 0 1 0 job_442/442.txt ------
5 1: 0 0 0 0 2 0 job_443/443.txt ------
5 1: 0 0 0 0 3 0 job_444/444.txt ------
5 1: -3 -3 -2 0 0 2 job_44/44.txt
5 1: 1 1 1 1 1 -2 job_478/478.txt ------
5 1: -3 -3 -3 -3 -1 2 job_4/4.txt
5 1: -3 -3 -3 -3 -1 3 job_4/4.txt
5 1: -3 -3 -3 -3 0 -3 job_4/4.txt
5 1: -3 -3 -3 -3 0 -2 job_4/4.txt
5 1: -3 -3 -3 -3 0 -1 job_4/4.txt
5 1: -3 -3 -3 -3 0 0 job_4/4.txt
5 1: -3 -3 -1 -1 -1 -3 job_54/54.txt
5 1: -3 -3 -1 -1 -1 -2 job_54/54.txt
5 1: -3 -3 -1 -1 -1 -1 job_54/54.txt
5 1: -3 -3 -1 -1 -1 0 job_54/54.txt
5 1: -3 -3 -1 -1 -1 1 job_54/54.txt
5 1: -3 -3 -1 -1 -1 2 job_54/54.txt
5 1: -3 -3 -1 -1 -1 3 job_55/55.txt
5 1: -3 -3 -1 -1 0 -3 job_55/55.txt
5 1: -3 -3 -1 -1 0 -2 job_55/55.txt
5 1: -3 -3 -1 -1 0 -1 job_55/55.txt
5 1: -3 -3 -1 -1 0 0 job_55/55.txt
5 1: -3 -3 -1 -1 0 1 job_55/55.txt
5 1: -3 -3 -1 -1 0 2 job_56/56.txt
5 1: -3 -3 -1 0 0 -3 job_59/59.txt
5 1: -3 -3 -1 0 0 -2 job_59/59.txt
5 1: -3 -3 -1 0 0 -1 job_59/59.txt
5 1: -3 -3 -3 -3 0 1 job_5/5.txt
5 1: -3 -3 -3 -3 0 2 job_5/5.txt
5 1: -3 -3 -3 -3 0 3 job_5/5.txt
5 1: -3 -3 -1 0 0 0 job_60/60.txt
5 1: -3 -3 -1 0 0 1 job_60/60.txt
5 1: -3 -3 0 0 0 -3 job_70/70.txt
5 1: -3 -3 0 0 0 -2 job_70/70.txt
5 1: -3 -3 0 0 0 -1 job_70/70.txt
5 1: -3 -3 0 0 0 0 job_70/70.txt
5 1: -3 -3 -3 -2 -2 -3 job_8/8.txt
5 1: -3 -3 -3 -2 -2 -2 job_8/8.txt
5 1: -3 -2 -2 -2 -2 -3 job_92/92.txt
5 1: -3 -2 -2 -2 -2 -2 job_92/92.txt
5 1: -3 -2 -2 -2 -2 -1 job_92/92.txt
5 1: -3 -2 -2 -2 -2 0 job_92/92.txt
5 1: -3 -2 -2 -2 -2 1 job_92/92.txt
5 1: -3 -2 -2 -2 -2 2 job_92/92.txt
5 1: -3 -2 -2 -2 -2 3 job_92/92.txt
5 1: -3 -2 -2 -2 -1 -3 job_93/93.txt
5 1: -3 -2 -2 -2 -1 -2 job_93/93.txt
5 1: -3 -2 -2 -2 -1 -1 job_93/93.txt
5 1: -3 -2 -2 -2 -1 0 job_93/93.txt
5 1: -3 -2 -2 -2 -1 1 job_93/93.txt
5 1: -3 -2 -2 -2 -1 2 job_93/93.txt
5 1: -3 -2 -2 -2 -1 3 job_94/94.txt
5 1: -3 -2 -2 -2 0 -3 job_94/94.txt
5 1: -3 -2 -2 -2 0 -2 job_94/94.txt
5 1: -3 -2 -2 -2 0 -1 job_94/94.txt
5 1: -3 -2 -2 -2 0 0 job_94/94.txt
5 1: -3 -2 -2 -2 0 1 job_94/94.txt
5 1: -3 -2 -2 -2 0 2 job_95/95.txt
5 1: -3 -2 -2 -2 0 3 job_95/95.txt
5 1: -3 -2 -2 -1 -1 -3 job_98/98.txt
5 1: -3 -2 -2 -1 -1 -2 job_98/98.txt
5 1: -3 -2 -2 -1 -1 -1 job_98/98.txt
5 1: -3 -2 -2 -1 -1 0 job_99/99.txt
5 1: -3 -2 -2 -1 -1 1 job_99/99.txt
5 1: -3 -2 -2 -1 -1 2 job_99/99.txt
5 1: -3 -2 -2 -1 -1 3 job_99/99.txt
5 1: -3 -2 -2 -1 0 -3 job_99/99.txt
5 1: -3 -2 -2 -1 0 -2 job_99/99.txt
5 1: -3 -2 -2 -1 0 -1 job_99/99.txt
5 1: -3 -3 -3 -2 -2 -1 job_9/9.txt
5 1: -3 -3 -3 -2 -2 0 job_9/9.txt
5 1: -3 -3 -3 -2 -2 1 job_9/9.txt
5 1: -3 -3 -3 -2 -2 2 job_9/9.txt
5 1: -3 -3 -3 -2 -2 3 job_9/9.txt
5 1: -3 -3 -3 -2 -1 -3 job_9/9.txt
5 1: -3 -3 -3 -2 -1 -2 job_9/9.txt
