5 1 -3 -3 -3 -2 -1 -1
0 0 0 0 0 0 40 0 0 0 0 0 0 0 0 0 0 -10 -10 -11 -12 -10 
40 -10 -10 -11 -12 -10 -40 0 0 0 0 0 0 0 0 0 0 10 10 11 12 10 
$
5 1 -3 -3 -3 -2 -1 0
0 0 0 0 0 0 36 0 0 0 0 0 0 0 0 0 0 -9 -9 -10 -11 -9 
36 -9 -9 -10 -11 -9 -36 0 0 0 0 0 0 0 0 0 0 9 9 10 11 9 
$
5 1 -3 -3 -3 -2 -1 1
0 0 0 0 0 0 32 0 0 0 0 0 0 0 0 0 0 -8 -8 -9 -10 -8 
32 -8 -8 -9 -10 -8 -32 0 0 0 0 0 0 0 0 0 0 8 8 9 10 8 
$
5 1 -3 -3 -3 -2 -1 2
0 0 0 0 0 0 28 0 0 0 0 0 0 0 0 0 0 -7 -7 -8 -9 -7 
28 -7 -7 -8 -9 -7 -28 0 0 0 0 0 0 0 0 0 0 7 7 8 9 7 
$
5 1 -3 -3 -3 -2 -1 3
0 0 0 0 0 0 24 0 0 0 0 0 0 0 0 0 0 -6 -6 -7 -8 -6 
24 -6 -6 -7 -8 -6 -24 0 0 0 0 0 0 0 0 0 0 6 6 7 8 6 
$
5 1 -3 -3 -3 -2 0 -3
0 0 0 0 0 0 45 0 0 0 0 0 0 0 0 0 0 -11 -11 -12 -14 -11 
0 11 11 12 0 11 0 0 0 -11 0 0 -11 0 -12 0 -11 -11 -11 -12 31 -11 
0 0 0 0 31 0 0 0 0 -11 0 0 -11 0 -12 0 -11 11 11 12 -31 11 
45 -11 -11 -12 -14 -11 -45 0 0 0 0 0 0 0 0 0 0 11 11 12 14 11 
$
5 1 -3 -1 -1 -1 -1 -3
0 0 0 0 0 0 33 0 0 0 0 0 0 0 0 0 0 -9 -9 -9 -9 -7 
33 -9 -9 -9 -9 -7 -33 0 0 0 0 0 0 0 0 0 0 9 9 9 9 7 
$
5 1 -3 -1 -1 -1 -1 -2
0 0 0 0 0 0 29 0 0 0 0 0 0 0 0 0 0 -8 -8 -8 -8 -6 
29 -8 -8 -8 -8 -6 -29 0 0 0 0 0 0 0 0 0 0 8 8 8 8 6 
$
5 1 -3 -1 -1 -1 -1 -1
0 0 0 0 0 0 25 0 0 0 0 0 0 0 0 0 0 -7 -7 -7 -7 -5 
25 -7 -7 -7 -7 -5 -25 0 0 0 0 0 0 0 0 0 0 7 7 7 7 5 
$
5 1 -3 -1 -1 -1 -1 0
0 0 0 0 0 0 21 0 0 0 0 0 0 0 0 0 0 -6 -6 -6 -6 -4 
21 -6 -6 -6 -6 -4 -21 0 0 0 0 0 0 0 0 0 0 6 6 6 6 4 
$
5 1 -3 -1 -1 -1 -1 1
0 0 0 0 0 0 17 0 0 0 0 0 0 0 0 0 0 -5 -5 -5 -5 -3 
17 -5 -5 -5 -5 -3 -17 0 0 0 0 0 0 0 0 0 0 5 5 5 5 3 
$
5 1 -3 -1 -1 -1 -1 2
0 0 0 0 0 0 13 0 0 0 0 0 0 0 0 0 0 -4 -4 -4 -4 -2 
13 -4 -4 -4 -4 -2 -13 0 0 0 0 0 0 0 0 0 0 4 4 4 4 2 
$
5 1 -3 -1 -1 -1 -1 3
0 0 0 0 0 0 9 0 0 0 0 0 0 0 0 0 0 -3 -3 -3 -3 -1 
9 -3 -3 -3 -3 -1 -9 0 0 0 0 0 0 0 0 0 0 3 3 3 3 1  ----------------------------
$
5 1 -3 -1 -1 -1 0 -3
0 0 0 0 0 0 30 0 0 0 0 0 0 0 0 0 0 -8 -8 -8 -9 -6 
0 8 8 8 0 6 0 0 0 -8 0 0 -8 0 -8 0 -6 -8 -8 -8 21 -6 
0 0 0 0 21 0 0 0 0 -8 0 0 -8 0 -8 0 -6 8 8 8 -21 6 
30 -8 -8 -8 -9 -6 -30 0 0 0 0 0 0 0 0 0 0 8 8 8 9 6 
$
5 1 -3 -1 -1 -1 0 -2
0 0 0 0 0 0 26 0 0 0 0 0 0 0 0 0 0 -7 -7 -7 -8 -5 
0 7 7 7 0 5 0 0 0 -7 0 0 -7 0 -7 0 -5 -7 -7 -7 18 -5 
0 0 0 0 18 0 0 0 0 -7 0 0 -7 0 -7 0 -5 7 7 7 -18 5 
26 -7 -7 -7 -8 -5 -26 0 0 0 0 0 0 0 0 0 0 7 7 7 8 5 
$
5 1 -3 -3 -3 -3 -3 -3
0 0 0 0 0 0 57 0 0 0 0 0 0 0 0 0 0 -15 -15 -15 -15 -15 
57 -15 -15 -15 -15 -15 -57 0 0 0 0 0 0 0 0 0 0 15 15 15 15 15 
$
5 1 -3 -3 -3 -3 -3 -2
0 0 0 0 0 0 53 0 0 0 0 0 0 0 0 0 0 -14 -14 -14 -14 -14 
53 -14 -14 -14 -14 -14 -53 0 0 0 0 0 0 0 0 0 0 14 14 14 14 14 
$
5 1 -3 -3 -3 -3 -3 -1
0 0 0 0 0 0 49 0 0 0 0 0 0 0 0 0 0 -13 -13 -13 -13 -13 
49 -13 -13 -13 -13 -13 -49 0 0 0 0 0 0 0 0 0 0 13 13 13 13 13 
$
5 1 -3 -3 -3 -3 -3 0
0 0 0 0 0 0 45 0 0 0 0 0 0 0 0 0 0 -12 -12 -12 -12 -12 
45 -12 -12 -12 -12 -12 -45 0 0 0 0 0 0 0 0 0 0 12 12 12 12 12 
$
5 1 -3 -3 -3 -3 -3 1
0 0 0 0 0 0 41 0 0 0 0 0 0 0 0 0 0 -11 -11 -11 -11 -11 
41 -11 -11 -11 -11 -11 -41 0 0 0 0 0 0 0 0 0 0 11 11 11 11 11 
$
5 1 -3 -3 -3 -3 -3 2
0 0 0 0 0 0 37 0 0 0 0 0 0 0 0 0 0 -10 -10 -10 -10 -10 
37 -10 -10 -10 -10 -10 -37 0 0 0 0 0 0 0 0 0 0 10 10 10 10 10 
$
5 1 -3 -3 -3 0 0 0
0 0 0 18 0 0 0 0 -6 0 0 -6 0 0 -9 -6 0 6 6 -18 9 6 
0 6 6 0 9 6 0 0 -6 0 0 -6 0 0 -9 -6 0 -6 -6 18 -9 -6 
0 0 0 0 0 0 27 0 0 0 0 0 0 0 0 0 0 -6 -6 -9 -9 -6 
0 6 6 9 0 6 0 0 0 -6 0 0 -6 0 -9 0 -6 -6 -6 -9 18 -6 
0 0 0 0 18 0 0 0 0 -6 0 0 -6 0 -9 0 -6 6 6 9 -18 6 
27 -6 -6 -9 -9 -6 -27 0 0 0 0 0 0 0 0 0 0 6 6 9 9 6 
$
5 1 -3 -3 -3 0 0 1
0 0 0 15 0 0 0 0 -5 0 0 -5 0 0 -8 -5 0 5 5 -15 8 5 
0 5 5 0 8 5 0 0 -5 0 0 -5 0 0 -8 -5 0 -5 -5 15 -8 -5 
0 0 0 0 0 0 23 0 0 0 0 0 0 0 0 0 0 -5 -5 -8 -8 -5 
0 5 5 8 0 5 0 0 0 -5 0 0 -5 0 -8 0 -5 -5 -5 -8 15 -5 
0 0 0 0 15 0 0 0 0 -5 0 0 -5 0 -8 0 -5 5 5 8 -15 5 
23 -5 -5 -8 -8 -5 -23 0 0 0 0 0 0 0 0 0 0 5 5 8 8 5 
$
5 1 -2 -2 -2 -2 -2 1
0 0 0 0 0 0 26 0 0 0 0 0 0 0 0 0 0 -7 -7 -7 -7 -7 
26 -7 -7 -7 -7 -7 -26 0 0 0 0 0 0 0 0 0 0 7 7 7 7 7 
$
5 1 -2 -2 -2 -2 -2 2
0 0 0 0 0 0 22 0 0 0 0 0 0 0 0 0 0 -6 -6 -6 -6 -6 
22 -6 -6 -6 -6 -6 -22 0 0 0 0 0 0 0 0 0 0 6 6 6 6 6 
$
5 1 -2 -2 -2 -2 -1 1
0 0 0 0 0 0 23 0 0 0 0 0 0 0 0 0 0 -6 -6 -6 -7 -6 
23 -6 -6 -6 -7 -6 -23 0 0 0 0 0 0 0 0 0 0 6 6 6 7 6 
$
5 1 -2 -2 -2 -2 -1 2
0 0 0 0 0 0 19 0 0 0 0 0 0 0 0 0 0 -5 -5 -5 -6 -5 
19 -5 -5 -5 -6 -5 -19 0 0 0 0 0 0 0 0 0 0 5 5 5 6 5 
$
5 1 -2 -2 -2 -2 0 0
0 0 0 0 0 0 24 0 0 0 0 0 0 0 0 0 0 -6 -6 -6 -8 -6 
0 6 6 6 0 6 0 0 0 -6 0 0 -6 0 -6 0 -6 -6 -6 -6 16 -6 
0 0 0 0 16 0 0 0 0 -6 0 0 -6 0 -6 0 -6 6 6 6 -16 6 
24 -6 -6 -6 -8 -6 -24 0 0 0 0 0 0 0 0 0 0 6 6 6 8 6 
$
5 1 -2 -2 -2 -2 0 1
0 0 0 0 0 0 20 0 0 0 0 0 0 0 0 0 0 -5 -5 -5 -7 -5 
0 5 5 5 0 5 0 0 0 -5 0 0 -5 0 -5 0 -5 -5 -5 -5 13 -5 
0 0 0 0 13 0 0 0 0 -5 0 0 -5 0 -5 0 -5 5 5 5 -13 5 
20 -5 -5 -5 -7 -5 -20 0 0 0 0 0 0 0 0 0 0 5 5 5 7 5 
$
5 1 -2 -2 -2 -1 -1 -2
0 0 0 0 0 0 32 0 0 0 0 0 0 0 0 0 0 -8 -8 -9 -9 -8 
32 -8 -8 -9 -9 -8 -32 0 0 0 0 0 0 0 0 0 0 8 8 9 9 8 
$
5 1 -2 -2 -2 -1 -1 -1
0 0 0 0 0 0 28 0 0 0 0 0 0 0 0 0 0 -7 -7 -8 -8 -7 
28 -7 -7 -8 -8 -7 -28 0 0 0 0 0 0 0 0 0 0 7 7 8 8 7 
$
5 1 -2 -2 -2 -1 0 -3
0 0 0 0 0 0 33 0 0 0 0 0 0 0 0 0 0 -8 -8 -9 -10 -8 
0 8 8 9 0 8 0 0 0 -8 0 0 -8 0 -9 0 -8 -8 -8 -9 23 -8 
0 0 0 0 23 0 0 0 0 -8 0 0 -8 0 -9 0 -8 8 8 9 -23 8 
33 -8 -8 -9 -10 -8 -33 0 0 0 0 0 0 0 0 0 0 8 8 9 10 8 
$
5 1 -2 -2 -2 -1 0 -2
0 0 0 0 0 0 29 0 0 0 0 0 0 0 0 0 0 -7 -7 -8 -9 -7 
0 7 7 8 0 7 0 0 0 -7 0 0 -7 0 -8 0 -7 -7 -7 -8 20 -7 
0 0 0 0 20 0 0 0 0 -7 0 0 -7 0 -8 0 -7 7 7 8 -20 7 
29 -7 -7 -8 -9 -7 -29 0 0 0 0 0 0 0 0 0 0 7 7 8 9 7 
$
5 1 -2 -2 -2 0 0 2
0 0 0 0 6 0 0 0 0 -2 0 0 -2 0 -4 0 -2 2 2 4 -6 2 
0 0 0 6 0 0 0 0 -2 0 0 -2 0 0 -4 -2 0 2 2 -6 4 2 
10 -2 -2 -4 -4 -2 -10 0 0 0 0 0 0 0 0 0 0 2 2 4 4 2 
0 2 2 4 0 2 0 0 0 -2 0 0 -2 0 -4 0 -2 -2 -2 -4 6 -2 
0 0 0 0 0 0 10 0 0 0 0 0 0 0 0 0 0 -2 -2 -4 -4 -2 
0 2 2 0 4 2 0 0 -2 0 0 -2 0 0 -4 -2 0 -2 -2 6 -4 -2 
$
5 1 -2 -2 -1 -1 -1 -3
0 0 0 0 0 0 33 0 0 0 0 0 0 0 0 0 0 -8 -9 -9 -9 -8 
33 -8 -9 -9 -9 -8 -33 0 0 0 0 0 0 0 0 0 0 8 9 9 9 8 
$
5 1 -2 -2 -1 -1 -1 -2
0 0 0 0 0 0 29 0 0 0 0 0 0 0 0 0 0 -7 -8 -8 -8 -7 
29 -7 -8 -8 -8 -7 -29 0 0 0 0 0 0 0 0 0 0 7 8 8 8 7 
$
5 1 -2 -2 -1 -1 -1 -1
0 0 0 0 0 0 25 0 0 0 0 0 0 0 0 0 0 -6 -7 -7 -7 -6 
25 -6 -7 -7 -7 -6 -25 0 0 0 0 0 0 0 0 0 0 6 7 7 7 6 
$
5 1 -2 -2 -1 -1 -1 3
9 -2 -3 -3 -3 -2 -9 0 0 0 0 0 0 0 0 0 0 2 3 3 3 2 
0 0 0 0 0 0 9 0 0 0 0 0 0 0 0 0 0 -2 -3 -3 -3 -2 
$
5 1 -2 -2 -1 -1 0 -3
0 0 0 0 0 0 30 0 0 0 0 0 0 0 0 0 0 -7 -8 -8 -9 -7 
0 7 8 8 0 7 0 0 0 -7 0 0 -8 0 -8 0 -7 -7 -8 -8 21 -7 
0 0 0 0 21 0 0 0 0 -7 0 0 -8 0 -8 0 -7 7 8 8 -21 7 
30 -7 -8 -8 -9 -7 -30 0 0 0 0 0 0 0 0 0 0 7 8 8 9 7 
$
5 1 -2 -2 -1 -1 0 -2
0 0 0 0 0 0 26 0 0 0 0 0 0 0 0 0 0 -6 -7 -7 -8 -6 
0 6 7 7 0 6 0 0 0 -6 0 0 -7 0 -7 0 -6 -6 -7 -7 18 -6 
0 0 0 0 18 0 0 0 0 -6 0 0 -7 0 -7 0 -6 6 7 7 -18 6 
26 -6 -7 -7 -8 -6 -26 0 0 0 0 0 0 0 0 0 0 6 7 7 8 6 
$
5 1 -2 -2 -1 -1 0 2
10 -2 -3 -3 -4 -2 -10 0 0 0 0 0 0 0 0 0 0 2 3 3 4 2 
0 0 0 0 6 0 0 0 0 -2 0 0 -3 0 -3 0 -2 2 3 3 -6 2 
0 2 3 3 0 2 0 0 0 -2 0 0 -3 0 -3 0 -2 -2 -3 -3 6 -2 
0 0 0 0 0 0 10 0 0 0 0 0 0 0 0 0 0 -2 -3 -3 -4 -2 
$
5 1 -2 -2 -1 0 0 0
0 0 0 10 0 0 0 0 -3 0 0 -4 0 0 -5 -3 0 3 4 -10 5 3 
0 3 4 0 5 3 0 0 -3 0 0 -4 0 0 -5 -3 0 -3 -4 10 -5 -3 
0 0 0 0 0 0 15 0 0 0 0 0 0 0 0 0 0 -3 -4 -5 -5 -3 
0 3 4 5 0 3 0 0 0 -3 0 0 -4 0 -5 0 -3 -3 -4 -5 10 -3 
0 0 0 0 10 0 0 0 0 -3 0 0 -4 0 -5 0 -3 3 4 5 -10 3 
15 -3 -4 -5 -5 -3 -15 0 0 0 0 0 0 0 0 0 0 3 4 5 5 3 
$
5 1 -2 -2 -1 0 0 1
0 0 0 7 0 0 0 0 -2 0 0 -3 0 0 -4 -2 0 2 3 -7 4 2 
0 2 3 0 4 2 0 0 -2 0 0 -3 0 0 -4 -2 0 -2 -3 7 -4 -2 
0 0 0 0 0 0 11 0 0 0 0 0 0 0 0 0 0 -2 -3 -4 -4 -2 
0 2 3 4 0 2 0 0 0 -2 0 0 -3 0 -4 0 -2 -2 -3 -4 7 -2 
0 0 0 0 7 0 0 0 0 -2 0 0 -3 0 -4 0 -2 2 3 4 -7 2 
11 -2 -3 -4 -4 -2 -11 0 0 0 0 0 0 0 0 0 0 2 3 4 4 2 
$
5 1 -2 -2 0 0 0 -3
0 0 0 17 0 0 0 0 -5 0 0 -7 0 0 -7 -5 0 5 7 -17 7 5 
0 0 17 0 0 0 0 -5 0 0 0 -7 -7 -5 0 0 0 5 -17 7 7 5 
0 5 7 0 7 5 0 0 -5 0 0 -7 0 0 -7 -5 0 -5 -7 17 -7 -5 
0 0 0 0 0 0 24 0 0 0 0 0 0 0 0 0 0 -5 -7 -7 -7 -5 
0 5 7 7 0 5 0 0 0 -5 0 0 -7 0 -7 0 -5 -5 -7 -7 17 -5 
0 5 0 7 7 5 0 -5 0 0 0 -7 -7 -5 0 0 0 -5 17 -7 -7 -5 
0 0 0 0 17 0 0 0 0 -5 0 0 -7 0 -7 0 -5 5 7 7 -17 5 
24 -5 -7 -7 -7 -5 -24 0 0 0 0 0 0 0 0 0 0 5 7 7 7 5 
$
5 1 -2 -2 0 0 0 -2
0 0 0 14 0 0 0 0 -4 0 0 -6 0 0 -6 -4 0 4 6 -14 6 4 
0 0 14 0 0 0 0 -4 0 0 0 -6 -6 -4 0 0 0 4 -14 6 6 4 
0 4 6 0 6 4 0 0 -4 0 0 -6 0 0 -6 -4 0 -4 -6 14 -6 -4 
0 0 0 0 0 0 20 0 0 0 0 0 0 0 0 0 0 -4 -6 -6 -6 -4 
0 4 6 6 0 4 0 0 0 -4 0 0 -6 0 -6 0 -4 -4 -6 -6 14 -4 
0 4 0 6 6 4 0 -4 0 0 0 -6 -6 -4 0 0 0 -4 14 -6 -6 -4 
0 0 0 0 14 0 0 0 0 -4 0 0 -6 0 -6 0 -4 4 6 6 -14 4 
20 -4 -6 -6 -6 -4 -20 0 0 0 0 0 0 0 0 0 0 4 6 6 6 4 
$
5 1 -2 -1 -1 -1 -1 -3
0 0 0 0 0 0 30 0 0 0 0 0 0 0 0 0 0 -8 -8 -8 -8 -7 
30 -8 -8 -8 -8 -7 -30 0 0 0 0 0 0 0 0 0 0 8 8 8 8 7 
$
5 1 -2 -1 -1 -1 -1 -2
0 0 0 0 0 0 26 0 0 0 0 0 0 0 0 0 0 -7 -7 -7 -7 -6 
26 -7 -7 -7 -7 -6 -26 0 0 0 0 0 0 0 0 0 0 7 7 7 7 6 
$
5 1 -2 -1 -1 -1 -1 -1
0 0 0 0 0 0 22 0 0 0 0 0 0 0 0 0 0 -6 -6 -6 -6 -5 
22 -6 -6 -6 -6 -5 -22 0 0 0 0 0 0 0 0 0 0 6 6 6 6 5 
$
5 1 -2 -1 -1 -1 -1 0
0 0 0 0 0 0 18 0 0 0 0 0 0 0 0 0 0 -5 -5 -5 -5 -4 
18 -5 -5 -5 -5 -4 -18 0 0 0 0 0 0 0 0 0 0 5 5 5 5 4 
$
5 1 -2 -1 -1 -1 0 -3
0 0 0 0 0 0 27 0 0 0 0 0 0 0 0 0 0 -7 -7 -7 -8 -6 
0 7 7 7 0 6 0 0 0 -7 0 0 -7 0 -7 0 -6 -7 -7 -7 19 -6 
0 0 0 0 19 0 0 0 0 -7 0 0 -7 0 -7 0 -6 7 7 7 -19 6 
27 -7 -7 -7 -8 -6 -27 0 0 0 0 0 0 0 0 0 0 7 7 7 8 6 
$
5 1 -2 -1 -1 -1 0 -2
0 0 0 0 0 0 23 0 0 0 0 0 0 0 0 0 0 -6 -6 -6 -7 -5 
0 6 6 6 0 5 0 0 0 -6 0 0 -6 0 -6 0 -5 -6 -6 -6 16 -5 
0 0 0 0 16 0 0 0 0 -6 0 0 -6 0 -6 0 -5 6 6 6 -16 5 
23 -6 -6 -6 -7 -5 -23 0 0 0 0 0 0 0 0 0 0 6 6 6 7 5 
$
5 1 -2 -1 -1 -1 0 -1
0 0 0 0 0 0 19 0 0 0 0 0 0 0 0 0 0 -5 -5 -5 -6 -4 
0 5 5 5 0 4 0 0 0 -5 0 0 -5 0 -5 0 -4 -5 -5 -5 13 -4 
0 0 0 0 13 0 0 0 0 -5 0 0 -5 0 -5 0 -4 5 5 5 -13 4 
19 -5 -5 -5 -6 -4 -19 0 0 0 0 0 0 0 0 0 0 5 5 5 6 4 
$
5 1 -2 -1 -1 -1 0 0
0 0 0 0 0 0 15 0 0 0 0 0 0 0 0 0 0 -4 -4 -4 -5 -3 
0 4 4 4 0 3 0 0 0 -4 0 0 -4 0 -4 0 -3 -4 -4 -4 10 -3 
0 0 0 0 10 0 0 0 0 -4 0 0 -4 0 -4 0 -3 4 4 4 -10 3 
15 -4 -4 -4 -5 -3 -15 0 0 0 0 0 0 0 0 0 0 4 4 4 5 3 
$
5 1 -2 -1 -1 0 0 -3
0 0 0 17 0 0 0 0 -6 0 0 -6 0 0 -7 -5 0 6 6 -17 7 5 
0 6 6 0 7 5 0 0 -6 0 0 -6 0 0 -7 -5 0 -6 -6 17 -7 -5 
0 0 0 0 0 0 24 0 0 0 0 0 0 0 0 0 0 -6 -6 -7 -7 -5 
0 6 6 7 0 5 0 0 0 -6 0 0 -6 0 -7 0 -5 -6 -6 -7 17 -5 
0 0 0 0 17 0 0 0 0 -6 0 0 -6 0 -7 0 -5 6 6 7 -17 5 
24 -6 -6 -7 -7 -5 -24 0 0 0 0 0 0 0 0 0 0 6 6 7 7 5 
$
5 1 -2 -1 -1 0 0 -2
0 0 0 14 0 0 0 0 -5 0 0 -5 0 0 -6 -4 0 5 5 -14 6 4 
0 5 5 0 6 4 0 0 -5 0 0 -5 0 0 -6 -4 0 -5 -5 14 -6 -4 
0 0 0 0 0 0 20 0 0 0 0 0 0 0 0 0 0 -5 -5 -6 -6 -4 
0 5 5 6 0 4 0 0 0 -5 0 0 -5 0 -6 0 -4 -5 -5 -6 14 -4 
0 0 0 0 14 0 0 0 0 -5 0 0 -5 0 -6 0 -4 5 5 6 -14 4 
20 -5 -5 -6 -6 -4 -20 0 0 0 0 0 0 0 0 0 0 5 5 6 6 4 
$
5 1 -2 -1 -1 0 0 1
0 0 0 5 0 0 0 0 -2 0 0 -2 0 0 -3 -1 0 2 2 -5 3 1 
0 2 2 0 3 1 0 0 -2 0 0 -2 0 0 -3 -1 0 -2 -2 5 -3 -1 
0 0 0 0 0 0 8 0 0 0 0 0 0 0 0 0 0 -2 -2 -3 -3 -1 
0 2 2 3 0 1 0 0 0 -2 0 0 -2 0 -3 0 -1 -2 -2 -3 5 -1 
0 0 0 0 5 0 0 0 0 -2 0 0 -2 0 -3 0 -1 2 2 3 -5 1 
8 -2 -2 -3 -3 -1 -8 0 0 0 0 0 0 0 0 0 0 2 2 3 3 1 
$
5 1 -2 -1 0 0 0 -3
0 0 0 15 0 0 0 0 -5 0 0 -6 0 0 -6 -4 0 5 6 -15 6 4 
0 0 15 0 0 0 0 -5 0 0 0 -6 -6 -4 0 0 0 5 -15 6 6 4 
0 5 6 0 6 4 0 0 -5 0 0 -6 0 0 -6 -4 0 -5 -6 15 -6 -4 
0 0 0 0 0 0 21 0 0 0 0 0 0 0 0 0 0 -5 -6 -6 -6 -4 
0 5 6 6 0 4 0 0 0 -5 0 0 -6 0 -6 0 -4 -5 -6 -6 15 -4 
0 5 0 6 6 4 0 -5 0 0 0 -6 -6 -4 0 0 0 -5 15 -6 -6 -4 
0 0 0 0 15 0 0 0 0 -5 0 0 -6 0 -6 0 -4 5 6 6 -15 4 
21 -5 -6 -6 -6 -4 -21 0 0 0 0 0 0 0 0 0 0 5 6 6 6 4 
$
5 1 -2 -1 0 0 0 -2
0 0 0 12 0 0 0 0 -4 0 0 -5 0 0 -5 -3 0 4 5 -12 5 3 
0 0 12 0 0 0 0 -4 0 0 0 -5 -5 -3 0 0 0 4 -12 5 5 3 
0 4 5 0 5 3 0 0 -4 0 0 -5 0 0 -5 -3 0 -4 -5 12 -5 -3 
0 0 0 0 0 0 17 0 0 0 0 0 0 0 0 0 0 -4 -5 -5 -5 -3 
0 4 5 5 0 3 0 0 0 -4 0 0 -5 0 -5 0 -3 -4 -5 -5 12 -3 
0 4 0 5 5 3 0 -4 0 0 0 -5 -5 -3 0 0 0 -4 12 -5 -5 -3 
0 0 0 0 12 0 0 0 0 -4 0 0 -5 0 -5 0 -3 4 5 5 -12 3 
17 -4 -5 -5 -5 -3 -17 0 0 0 0 0 0 0 0 0 0 4 5 5 5 3 
$
5 1 -2 -1 0 0 0 -1
0 0 0 9 0 0 0 0 -3 0 0 -4 0 0 -4 -2 0 3 4 -9 4 2 
0 0 9 0 0 0 0 -3 0 0 0 -4 -4 -2 0 0 0 3 -9 4 4 2 
0 3 4 0 4 2 0 0 -3 0 0 -4 0 0 -4 -2 0 -3 -4 9 -4 -2 
0 0 0 0 0 0 13 0 0 0 0 0 0 0 0 0 0 -3 -4 -4 -4 -2 
0 3 4 4 0 2 0 0 0 -3 0 0 -4 0 -4 0 -2 -3 -4 -4 9 -2 
0 3 0 4 4 2 0 -3 0 0 0 -4 -4 -2 0 0 0 -3 9 -4 -4 -2 
0 0 0 0 9 0 0 0 0 -3 0 0 -4 0 -4 0 -2 3 4 4 -9 2 
13 -3 -4 -4 -4 -2 -13 0 0 0 0 0 0 0 0 0 0 3 4 4 4 2 
$
5 1 -3 -3 -2 -2 -2 -3
0 0 0 0 0 0 48 0 0 0 0 0 0 0 0 0 0 -12 -13 -13 -13 -12 
48 -12 -13 -13 -13 -12 -48 0 0 0 0 0 0 0 0 0 0 12 13 13 13 12 
$
5 1 -3 -3 -2 -2 -2 -2
0 0 0 0 0 0 44 0 0 0 0 0 0 0 0 0 0 -11 -12 -12 -12 -11 
44 -11 -12 -12 -12 -11 -44 0 0 0 0 0 0 0 0 0 0 11 12 12 12 11 
$
5 1 -2 0 0 0 0 -2
0 0 0 10 0 0 0 0 -4 0 0 -4 0 0 -4 -2 0 4 4 -10 4 2 
0 0 10 0 0 0 0 -4 0 0 0 -4 -4 -2 0 0 0 4 -10 4 4 2 
0 0 4 4 4 2 0 -4 -4 -4 -2 0 0 0 0 0 0 10 -4 -4 -4 -2 
0 10 0 0 0 0 0 -4 -4 -4 -2 0 0 0 0 0 0 -10 4 4 4 2 
0 4 4 0 4 2 0 0 -4 0 0 -4 0 0 -4 -2 0 -4 -4 10 -4 -2 
0 0 0 0 0 0 14 0 0 0 0 0 0 0 0 0 0 -4 -4 -4 -4 -2 
0 4 4 4 0 2 0 0 0 -4 0 0 -4 0 -4 0 -2 -4 -4 -4 10 -2 
0 4 0 4 4 2 0 -4 0 0 0 -4 -4 -2 0 0 0 -4 10 -4 -4 -2 
0 0 0 0 10 0 0 0 0 -4 0 0 -4 0 -4 0 -2 4 4 4 -10 2 
14 -4 -4 -4 -4 -2 -14 0 0 0 0 0 0 0 0 0 0 4 4 4 4 2 
$
5 1 -2 0 0 0 0 -1
0 0 0 7 0 0 0 0 -3 0 0 -3 0 0 -3 -1 0 3 3 -7 3 1 
0 0 7 0 0 0 0 -3 0 0 0 -3 -3 -1 0 0 0 3 -7 3 3 1 
0 0 3 3 3 1 0 -3 -3 -3 -1 0 0 0 0 0 0 7 -3 -3 -3 -1 
0 7 0 0 0 0 0 -3 -3 -3 -1 0 0 0 0 0 0 -7 3 3 3 1 
0 3 3 0 3 1 0 0 -3 0 0 -3 0 0 -3 -1 0 -3 -3 7 -3 -1 
0 0 0 0 0 0 10 0 0 0 0 0 0 0 0 0 0 -3 -3 -3 -3 -1 
0 3 3 3 0 1 0 0 0 -3 0 0 -3 0 -3 0 -1 -3 -3 -3 7 -1 
0 3 0 3 3 1 0 -3 0 0 0 -3 -3 -1 0 0 0 -3 7 -3 -3 -1 
0 0 0 0 7 0 0 0 0 -3 0 0 -3 0 -3 0 -1 3 3 3 -7 1 
10 -3 -3 -3 -3 -1 -10 0 0 0 0 0 0 0 0 0 0 3 3 3 3 1 
$
5 1 -2 0 0 0 0 0
0 0 0 4 0 0 0 0 -2 0 0 -2 0 0 -2 0 0 2 2 -4 2 0 
0 0 4 0 0 0 0 -2 0 0 0 -2 -2 0 0 0 0 2 -4 2 2 0 
0 0 2 2 2 0 0 -2 -2 -2 0 0 0 0 0 0 0 4 -2 -2 -2 0 
0 4 0 0 0 0 0 -2 -2 -2 0 0 0 0 0 0 0 -4 2 2 2 0 
0 2 2 0 2 0 0 0 -2 0 0 -2 0 0 -2 0 0 -2 -2 4 -2 0 
0 0 0 0 0 0 6 0 0 0 0 0 0 0 0 0 0 -2 -2 -2 -2 0 
0 2 2 2 0 0 0 0 0 -2 0 0 -2 0 -2 0 0 -2 -2 -2 4 0 
0 2 0 2 2 0 0 -2 0 0 0 -2 -2 0 0 0 0 -2 4 -2 -2 0 
0 0 0 0 4 0 0 0 0 -2 0 0 -2 0 -2 0 0 2 2 2 -4 0 
6 -2 -2 -2 -2 0 -6 0 0 0 0 0 0 0 0 0 0 2 2 2 2 0 
$
5 1 -2 0 0 0 0 1
0 0 0 4 0 0 1 0 -2 0 0 -2 0 0 -2 1 0 2 2 -5 2 -1 
0 0 4 0 0 0 1 -2 0 0 0 -2 -2 1 0 0 0 2 -5 2 2 -1 
1 -1 2 2 2 -1 -1 -2 -2 -2 1 0 0 0 0 0 0 5 -2 -2 -2 1 
0 4 0 0 0 0 1 -2 -2 -2 1 0 0 0 0 0 0 -5 2 2 2 -1 
1 2 2 -1 2 -1 -1 0 -2 0 0 -2 0 0 -2 1 0 -2 -2 5 -2 1 
0 0 0 0 0 0 6 0 0 0 0 0 0 0 0 0 0 -2 -2 -2 -2 1 
1 2 2 2 -1 -1 -1 0 0 -2 0 0 -2 0 -2 0 1 -2 -2 -2 5 1 
1 2 -1 2 2 -1 -1 -2 0 0 0 -2 -2 1 0 0 0 -2 5 -2 -2 1 
0 0 0 0 4 0 1 0 0 -2 0 0 -2 0 -2 0 1 2 2 2 -5 -1 
6 -2 -2 -2 -2 1 -6 0 0 0 0 0 0 0 0 0 0 2 2 2 2 -1 
$
5 1 -2 0 0 0 0 2
0 0 0 0 4 0 2 0 0 -2 0 0 -2 0 -2 0 2 2 2 2 -6 -2 
6 -2 -2 -2 -2 2 -6 0 0 0 0 0 0 0 0 0 0 2 2 2 2 -2 
0 0 0 4 0 0 2 0 -2 0 0 -2 0 0 -2 2 0 2 2 -6 2 -2 
2 -2 2 2 2 -2 -2 -2 -2 -2 2 0 0 0 0 0 0 6 -2 -2 -2 2 
6 -2 -2 -2 -2 -6 -6 0 0 0 2 0 0 2 0 2 2 2 2 2 2 6 
0 0 4 0 0 0 2 -2 0 0 0 -2 -2 2 0 0 0 2 -6 2 2 -2 
2 2 -2 2 2 -2 -2 -2 0 0 0 -2 -2 2 0 0 0 -2 6 -2 -2 2 
2 2 2 2 -2 -2 -2 0 0 -2 0 0 -2 0 -2 0 2 -2 -2 -2 6 2 
0 0 0 0 0 0 6 0 0 0 0 0 0 0 0 0 0 -2 -2 -2 -2 2 
2 2 2 -2 2 -2 -2 0 -2 0 0 -2 0 0 -2 2 0 -2 -2 6 -2 2 
0 4 0 0 0 0 2 -2 -2 -2 2 0 0 0 0 0 0 -6 2 2 2 -2 
0 0 0 0 0 0 6 0 0 0 2 0 0 2 0 2 2 -2 -2 -2 -2 -6 
$
5 1 -3 -3 -2 -2 -2 1
0 0 0 0 0 0 32 0 0 0 0 0 0 0 0 0 0 -8 -9 -9 -9 -8 
32 -8 -9 -9 -9 -8 -32 0 0 0 0 0 0 0 0 0 0 8 9 9 9 8 
$
5 1 -3 -3 -2 -2 -2 2
0 0 0 0 0 0 28 0 0 0 0 0 0 0 0 0 0 -7 -8 -8 -8 -7 
28 -7 -8 -8 -8 -7 -28 0 0 0 0 0 0 0 0 0 0 7 8 8 8 7 
$
5 1 -3 -3 -2 -2 -2 3
0 0 0 0 0 0 24 0 0 0 0 0 0 0 0 0 0 -6 -7 -7 -7 -6 
24 -6 -7 -7 -7 -6 -24 0 0 0 0 0 0 0 0 0 0 6 7 7 7 6 
$
5 1 -3 -3 -2 -2 -1 -3
0 0 0 0 0 0 45 0 0 0 0 0 0 0 0 0 0 -11 -12 -12 -13 -11 
45 -11 -12 -12 -13 -11 -45 0 0 0 0 0 0 0 0 0 0 11 12 12 13 11 
$
5 1 -3 -3 -2 -2 -1 -2
0 0 0 0 0 0 41 0 0 0 0 0 0 0 0 0 0 -10 -11 -11 -12 -10 
41 -10 -11 -11 -12 -10 -41 0 0 0 0 0 0 0 0 0 0 10 11 11 12 10 
$
5 1 -3 -3 -2 -2 -1 0
0 0 0 0 0 0 33 0 0 0 0 0 0 0 0 0 0 -8 -9 -9 -10 -8 
33 -8 -9 -9 -10 -8 -33 0 0 0 0 0 0 0 0 0 0 8 9 9 10 8 
$
5 1 -3 -3 -2 -2 -1 1
0 0 0 0 0 0 29 0 0 0 0 0 0 0 0 0 0 -7 -8 -8 -9 -7 
29 -7 -8 -8 -9 -7 -29 0 0 0 0 0 0 0 0 0 0 7 8 8 9 7 
$
5 1 -3 -3 -2 -2 -1 2
0 0 0 0 0 0 25 0 0 0 0 0 0 0 0 0 0 -6 -7 -7 -8 -6 
25 -6 -7 -7 -8 -6 -25 0 0 0 0 0 0 0 0 0 0 6 7 7 8 6 
$
5 1 -3 -3 -2 -2 -1 3
0 0 0 0 0 0 21 0 0 0 0 0 0 0 0 0 0 -5 -6 -6 -7 -5 
21 -5 -6 -6 -7 -5 -21 0 0 0 0 0 0 0 0 0 0 5 6 6 7 5 
$
5 1 -3 -3 -2 -2 0 -3
0 0 0 0 0 0 42 0 0 0 0 0 0 0 0 0 0 -10 -11 -11 -13 -10 
0 10 11 11 0 10 0 0 0 -10 0 0 -11 0 -11 0 -10 -10 -11 -11 29 -10 
0 0 0 0 29 0 0 0 0 -10 0 0 -11 0 -11 0 -10 10 11 11 -29 10 
42 -10 -11 -11 -13 -10 -42 0 0 0 0 0 0 0 0 0 0 10 11 11 13 10 
$
5 1 -3 -3 -2 -2 0 -2
0 0 0 0 0 0 38 0 0 0 0 0 0 0 0 0 0 -9 -10 -10 -12 -9 
0 9 10 10 0 9 0 0 0 -9 0 0 -10 0 -10 0 -9 -9 -10 -10 26 -9 
0 0 0 0 26 0 0 0 0 -9 0 0 -10 0 -10 0 -9 9 10 10 -26 9 
38 -9 -10 -10 -12 -9 -38 0 0 0 0 0 0 0 0 0 0 9 10 10 12 9 
$
5 1 -3 -3 -2 -2 0 0
0 0 0 0 0 0 30 0 0 0 0 0 0 0 0 0 0 -7 -8 -8 -10 -7 
0 7 8 8 0 7 0 0 0 -7 0 0 -8 0 -8 0 -7 -7 -8 -8 20 -7 
0 0 0 0 20 0 0 0 0 -7 0 0 -8 0 -8 0 -7 7 8 8 -20 7 
30 -7 -8 -8 -10 -7 -30 0 0 0 0 0 0 0 0 0 0 7 8 8 10 7 
$
5 1 -3 -3 -2 -2 0 1
0 0 0 0 0 0 26 0 0 0 0 0 0 0 0 0 0 -6 -7 -7 -9 -6 
0 6 7 7 0 6 0 0 0 -6 0 0 -7 0 -7 0 -6 -6 -7 -7 17 -6 
0 0 0 0 17 0 0 0 0 -6 0 0 -7 0 -7 0 -6 6 7 7 -17 6 
26 -6 -7 -7 -9 -6 -26 0 0 0 0 0 0 0 0 0 0 6 7 7 9 6 
$
5 1 -3 -3 -2 -2 0 2
0 0 0 0 0 0 22 0 0 0 0 0 0 0 0 0 0 -5 -6 -6 -8 -5 
0 5 6 6 0 5 0 0 0 -5 0 0 -6 0 -6 0 -5 -5 -6 -6 14 -5 
0 0 0 0 14 0 0 0 0 -5 0 0 -6 0 -6 0 -5 5 6 6 -14 5 
22 -5 -6 -6 -8 -5 -22 0 0 0 0 0 0 0 0 0 0 5 6 6 8 5 
$
5 1 -3 -3 -2 -2 0 3
18 -4 -5 -5 -7 -4 -18 0 0 0 0 0 0 0 0 0 0 4 5 5 7 4 
0 0 0 0 11 0 0 0 0 -4 0 0 -5 0 -5 0 -4 4 5 5 -11 4 
0 4 5 5 0 4 0 0 0 -4 0 0 -5 0 -5 0 -4 -4 -5 -5 11 -4 
0 0 0 0 0 0 18 0 0 0 0 0 0 0 0 0 0 -4 -5 -5 -7 -4 
$
5 1 -1 -1 -1 -1 -1 -3
0 0 0 0 0 0 27 0 0 0 0 0 0 0 0 0 0 -7 -7 -7 -7 -7 
27 -7 -7 -7 -7 -7 -27 0 0 0 0 0 0 0 0 0 0 7 7 7 7 7 
$
5 1 -1 -1 -1 -1 -1 -1
0 0 0 0 0 0 19 0 0 0 0 0 0 0 0 0 0 -5 -5 -5 -5 -5 
19 -5 -5 -5 -5 -5 -19 0 0 0 0 0 0 0 0 0 0 5 5 5 5 5 
$
5 1 -1 -1 -1 -1 -1 0
0 0 0 0 0 0 15 0 0 0 0 0 0 0 0 0 0 -4 -4 -4 -4 -4 
15 -4 -4 -4 -4 -4 -15 0 0 0 0 0 0 0 0 0 0 4 4 4 4 4 
$
5 1 -1 -1 -1 -1 -1 1
0 0 0 0 0 0 11 0 0 0 0 0 0 0 0 0 0 -3 -3 -3 -3 -3 
11 -3 -3 -3 -3 -3 -11 0 0 0 0 0 0 0 0 0 0 3 3 3 3 3 
$
5 1 -1 -1 -1 -1 -1 2
7 -2 -2 -2 -2 -2 -7 0 0 0 0 0 0 0 0 0 0 2 2 2 2 2 -----------------------------------------------------------------
0 0 0 0 0 0 7 0 0 0 0 0 0 0 0 0 0 -2 -2 -2 -2 -2  -----------------------------------------------------------------
$
5 1 -1 -1 -1 -1 -1 3
3 -1 -1 -1 -1 -1 -3 0 0 0 0 0 0 0 0 0 0 1 1 1 1 1 ----------------------------------------------------------------
0 0 0 0 0 0 3 0 0 0 0 0 0 0 0 0 0 -1 -1 -1 -1 -1 

-a1234 -a2345 -a3451 -a4512 -a5123 +3a12345 
3b1b2 - b2ba - b3ba -b4ba - b5ba

$
5 1 -1 -1 -1 -1 0 -3
0 0 0 0 0 0 24 0 0 0 0 0 0 0 0 0 0 -6 -6 -6 -7 -6 
0 6 6 6 0 6 0 0 0 -6 0 0 -6 0 -6 0 -6 -6 -6 -6 17 -6 
0 0 0 0 17 0 0 0 0 -6 0 0 -6 0 -6 0 -6 6 6 6 -17 6 
24 -6 -6 -6 -7 -6 -24 0 0 0 0 0 0 0 0 0 0 6 6 6 7 6 
$
5 1 -1 -1 -1 -1 0 -2
0 0 0 0 0 0 20 0 0 0 0 0 0 0 0 0 0 -5 -5 -5 -6 -5 
0 5 5 5 0 5 0 0 0 -5 0 0 -5 0 -5 0 -5 -5 -5 -5 14 -5 
0 0 0 0 14 0 0 0 0 -5 0 0 -5 0 -5 0 -5 5 5 5 -14 5 
20 -5 -5 -5 -6 -5 -20 0 0 0 0 0 0 0 0 0 0 5 5 5 6 5 
$
5 1 -1 -1 -1 -1 0 -1
0 0 0 0 0 0 16 0 0 0 0 0 0 0 0 0 0 -4 -4 -4 -5 -4 
0 4 4 4 0 4 0 0 0 -4 0 0 -4 0 -4 0 -4 -4 -4 -4 11 -4 
0 0 0 0 11 0 0 0 0 -4 0 0 -4 0 -4 0 -4 4 4 4 -11 4 
16 -4 -4 -4 -5 -4 -16 0 0 0 0 0 0 0 0 0 0 4 4 4 5 4 
$
5 1 -1 -1 -1 -1 0 0
0 0 0 0 0 0 12 0 0 0 0 0 0 0 0 0 0 -3 -3 -3 -4 -3 
0 3 3 3 0 3 0 0 0 -3 0 0 -3 0 -3 0 -3 -3 -3 -3 8 -3 
0 0 0 0 8 0 0 0 0 -3 0 0 -3 0 -3 0 -3 3 3 3 -8 3 
12 -3 -3 -3 -4 -3 -12 0 0 0 0 0 0 0 0 0 0 3 3 3 4 3 
$
5 1 -1 -1 -1 -1 0 1
8 -2 -2 -2 -3 -2 -8 0 0 0 0 0 0 0 0 0 0 2 2 2 3 2 
0 0 0 0 5 0 0 0 0 -2 0 0 -2 0 -2 0 -2 2 2 2 -5 2 
0 2 2 2 0 2 0 0 0 -2 0 0 -2 0 -2 0 -2 -2 -2 -2 5 -2 
0 0 0 0 0 0 8 0 0 0 0 0 0 0 0 0 0 -2 -2 -2 -3 -2 
$
5 1 -1 -1 -1 -1 0 2
0 0 0 0 2 0 0 0 0 -1 0 0 -1 0 -1 0 -1 1 1 1 -2 1 
4 -1 -1 -1 -2 -1 -4 0 0 0 0 0 0 0 0 0 0 1 1 1 2 1 
0 0 0 0 0 0 4 0 0 0 0 0 0 0 0 0 0 -1 -1 -1 -2 -1 
0 1 1 1 0 1 0 0 0 -1 0 0 -1 0 -1 0 -1 -1 -1 -1 2 -1 
$
5 1 -1 -1 -1 0 0 -3
0 0 0 15 0 0 0 0 -5 0 0 -5 0 0 -6 -5 0 5 5 -15 6 5 
0 5 5 0 6 5 0 0 -5 0 0 -5 0 0 -6 -5 0 -5 -5 15 -6 -5 
0 0 0 0 0 0 21 0 0 0 0 0 0 0 0 0 0 -5 -5 -6 -6 -5 
0 5 5 6 0 5 0 0 0 -5 0 0 -5 0 -6 0 -5 -5 -5 -6 15 -5 
0 0 0 0 15 0 0 0 0 -5 0 0 -5 0 -6 0 -5 5 5 6 -15 5 
21 -5 -5 -6 -6 -5 -21 0 0 0 0 0 0 0 0 0 0 5 5 6 6 5 
$
5 1 -1 -1 -1 0 0 -2
0 0 0 12 0 0 0 0 -4 0 0 -4 0 0 -5 -4 0 4 4 -12 5 4 
0 4 4 0 5 4 0 0 -4 0 0 -4 0 0 -5 -4 0 -4 -4 12 -5 -4 
0 0 0 0 0 0 17 0 0 0 0 0 0 0 0 0 0 -4 -4 -5 -5 -4 
0 4 4 5 0 4 0 0 0 -4 0 0 -4 0 -5 0 -4 -4 -4 -5 12 -4 
0 0 0 0 12 0 0 0 0 -4 0 0 -4 0 -5 0 -4 4 4 5 -12 4 
17 -4 -4 -5 -5 -4 -17 0 0 0 0 0 0 0 0 0 0 4 4 5 5 4 
$
5 1 -1 -1 -1 0 0 -1
0 0 0 9 0 0 0 0 -3 0 0 -3 0 0 -4 -3 0 3 3 -9 4 3 
0 3 3 0 4 3 0 0 -3 0 0 -3 0 0 -4 -3 0 -3 -3 9 -4 -3 
0 0 0 0 0 0 13 0 0 0 0 0 0 0 0 0 0 -3 -3 -4 -4 -3 
0 3 3 4 0 3 0 0 0 -3 0 0 -3 0 -4 0 -3 -3 -3 -4 9 -3 
0 0 0 0 9 0 0 0 0 -3 0 0 -3 0 -4 0 -3 3 3 4 -9 3 
13 -3 -3 -4 -4 -3 -13 0 0 0 0 0 0 0 0 0 0 3 3 4 4 3 
$
5 1 -1 -1 -1 0 0 0
0 0 0 6 0 0 0 0 -2 0 0 -2 0 0 -3 -2 0 2 2 -6 3 2 
0 2 2 0 3 2 0 0 -2 0 0 -2 0 0 -3 -2 0 -2 -2 6 -3 -2 
0 0 0 0 0 0 9 0 0 0 0 0 0 0 0 0 0 -2 -2 -3 -3 -2 
0 2 2 3 0 2 0 0 0 -2 0 0 -2 0 -3 0 -2 -2 -2 -3 6 -2 
0 0 0 0 6 0 0 0 0 -2 0 0 -2 0 -3 0 -2 2 2 3 -6 2 
9 -2 -2 -3 -3 -2 -9 0 0 0 0 0 0 0 0 0 0 2 2 3 3 2 
$
5 1 -1 -1 -1 0 0 1
0 0 0 0 3 0 0 0 0 -1 0 0 -1 0 -2 0 -1 1 1 2 -3 1 
0 0 0 3 0 0 0 0 -1 0 0 -1 0 0 -2 -1 0 1 1 -3 2 1 
5 -1 -1 -2 -2 -1 -5 0 0 0 0 0 0 0 0 0 0 1 1 2 2 1 
0 1 1 2 0 1 0 0 0 -1 0 0 -1 0 -2 0 -1 -1 -1 -2 3 -1 
0 0 0 0 0 0 5 0 0 0 0 0 0 0 0 0 0 -1 -1 -2 -2 -1 
0 1 1 0 2 1 0 0 -1 0 0 -1 0 0 -2 -1 0 -1 -1 3 -2 -1 
$
5 1 -1 -1 0 0 0 -3
0 0 0 13 0 0 0 0 -4 0 0 -5 0 0 -5 -4 0 4 5 -13 5 4 
0 0 13 0 0 0 0 -4 0 0 0 -5 -5 -4 0 0 0 4 -13 5 5 4 
0 4 5 0 5 4 0 0 -4 0 0 -5 0 0 -5 -4 0 -4 -5 13 -5 -4 
0 0 0 0 0 0 18 0 0 0 0 0 0 0 0 0 0 -4 -5 -5 -5 -4 
0 4 5 5 0 4 0 0 0 -4 0 0 -5 0 -5 0 -4 -4 -5 -5 13 -4 
0 4 0 5 5 4 0 -4 0 0 0 -5 -5 -4 0 0 0 -4 13 -5 -5 -4 
0 0 0 0 13 0 0 0 0 -4 0 0 -5 0 -5 0 -4 4 5 5 -13 4 
18 -4 -5 -5 -5 -4 -18 0 0 0 0 0 0 0 0 0 0 4 5 5 5 4 
$
5 1 -1 -1 0 0 0 -2
0 0 0 10 0 0 0 0 -3 0 0 -4 0 0 -4 -3 0 3 4 -10 4 3 
0 0 10 0 0 0 0 -3 0 0 0 -4 -4 -3 0 0 0 3 -10 4 4 3 
0 3 4 0 4 3 0 0 -3 0 0 -4 0 0 -4 -3 0 -3 -4 10 -4 -3 
0 0 0 0 0 0 14 0 0 0 0 0 0 0 0 0 0 -3 -4 -4 -4 -3 
0 3 4 4 0 3 0 0 0 -3 0 0 -4 0 -4 0 -3 -3 -4 -4 10 -3 
0 3 0 4 4 3 0 -3 0 0 0 -4 -4 -3 0 0 0 -3 10 -4 -4 -3 
0 0 0 0 10 0 0 0 0 -3 0 0 -4 0 -4 0 -3 3 4 4 -10 3 
14 -3 -4 -4 -4 -3 -14 0 0 0 0 0 0 0 0 0 0 3 4 4 4 3 
$
5 1 -1 -1 0 0 0 -1
0 0 0 7 0 0 0 0 -2 0 0 -3 0 0 -3 -2 0 2 3 -7 3 2 
0 0 7 0 0 0 0 -2 0 0 0 -3 -3 -2 0 0 0 2 -7 3 3 2 
0 2 3 0 3 2 0 0 -2 0 0 -3 0 0 -3 -2 0 -2 -3 7 -3 -2 
0 0 0 0 0 0 10 0 0 0 0 0 0 0 0 0 0 -2 -3 -3 -3 -2 
0 2 3 3 0 2 0 0 0 -2 0 0 -3 0 -3 0 -2 -2 -3 -3 7 -2 
0 2 0 3 3 2 0 -2 0 0 0 -3 -3 -2 0 0 0 -2 7 -3 -3 -2 
0 0 0 0 7 0 0 0 0 -2 0 0 -3 0 -3 0 -2 2 3 3 -7 2 
10 -2 -3 -3 -3 -2 -10 0 0 0 0 0 0 0 0 0 0 2 3 3 3 2 
$
5 1 -1 -1 0 0 0 0
0 0 0 4 0 0 0 0 -1 0 0 -2 0 0 -2 -1 0 1 2 -4 2 1 
0 0 4 0 0 0 0 -1 0 0 0 -2 -2 -1 0 0 0 1 -4 2 2 1 
0 1 2 0 2 1 0 0 -1 0 0 -2 0 0 -2 -1 0 -1 -2 4 -2 -1 
0 0 0 0 0 0 6 0 0 0 0 0 0 0 0 0 0 -1 -2 -2 -2 -1 
0 1 2 2 0 1 0 0 0 -1 0 0 -2 0 -2 0 -1 -1 -2 -2 4 -1 
0 1 0 2 2 1 0 -1 0 0 0 -2 -2 -1 0 0 0 -1 4 -2 -2 -1 
0 0 0 0 4 0 0 0 0 -1 0 0 -2 0 -2 0 -1 1 2 2 -4 1 
6 -1 -2 -2 -2 -1 -6 0 0 0 0 0 0 0 0 0 0 1 2 2 2 1 
$
5 1 -3 -3 -2 -1 -1 -2
0 0 0 0 0 0 38 0 0 0 0 0 0 0 0 0 0 -9 -10 -11 -11 -9 
38 -9 -10 -11 -11 -9 -38 0 0 0 0 0 0 0 0 0 0 9 10 11 11 9 
$
5 1 -3 -3 -2 -1 -1 -1
0 0 0 0 0 0 34 0 0 0 0 0 0 0 0 0 0 -8 -9 -10 -10 -8 
34 -8 -9 -10 -10 -8 -34 0 0 0 0 0 0 0 0 0 0 8 9 10 10 8 
$
5 1 -3 -3 -2 -1 -1 0
0 0 0 0 0 0 30 0 0 0 0 0 0 0 0 0 0 -7 -8 -9 -9 -7 
30 -7 -8 -9 -9 -7 -30 0 0 0 0 0 0 0 0 0 0 7 8 9 9 7 
$
5 1 -3 -3 -2 -1 -1 1
0 0 0 0 0 0 26 0 0 0 0 0 0 0 0 0 0 -6 -7 -8 -8 -6 
26 -6 -7 -8 -8 -6 -26 0 0 0 0 0 0 0 0 0 0 6 7 8 8 6 
$
5 1 -3 -3 -2 -1 -1 2
0 0 0 0 0 0 22 0 0 0 0 0 0 0 0 0 0 -5 -6 -7 -7 -5 
22 -5 -6 -7 -7 -5 -22 0 0 0 0 0 0 0 0 0 0 5 6 7 7 5 
$
5 1 -3 -3 -2 -1 -1 3
0 0 0 0 0 0 18 0 0 0 0 0 0 0 0 0 0 -4 -5 -6 -6 -4 
18 -4 -5 -6 -6 -4 -18 0 0 0 0 0 0 0 0 0 0 4 5 6 6 4 
$
5 1 -3 -3 -2 -1 0 -3
0 0 0 0 0 0 39 0 0 0 0 0 0 0 0 0 0 -9 -10 -11 -12 -9 
0 9 10 11 0 9 0 0 0 -9 0 0 -10 0 -11 0 -9 -9 -10 -11 27 -9 
0 0 0 0 27 0 0 0 0 -9 0 0 -10 0 -11 0 -9 9 10 11 -27 9 
39 -9 -10 -11 -12 -9 -39 0 0 0 0 0 0 0 0 0 0 9 10 11 12 9 
$
5 1 -3 -3 -2 -1 0 -2
0 0 0 0 0 0 35 0 0 0 0 0 0 0 0 0 0 -8 -9 -10 -11 -8 
0 8 9 10 0 8 0 0 0 -8 0 0 -9 0 -10 0 -8 -8 -9 -10 24 -8 
0 0 0 0 24 0 0 0 0 -8 0 0 -9 0 -10 0 -8 8 9 10 -24 8 
35 -8 -9 -10 -11 -8 -35 0 0 0 0 0 0 0 0 0 0 8 9 10 11 8 
$
5 1 -3 -3 -2 -1 0 -1
0 0 0 0 0 0 31 0 0 0 0 0 0 0 0 0 0 -7 -8 -9 -10 -7 
0 7 8 9 0 7 0 0 0 -7 0 0 -8 0 -9 0 -7 -7 -8 -9 21 -7 
0 0 0 0 21 0 0 0 0 -7 0 0 -8 0 -9 0 -7 7 8 9 -21 7 
31 -7 -8 -9 -10 -7 -31 0 0 0 0 0 0 0 0 0 0 7 8 9 10 7 
$
5 1 -3 -3 -2 -1 0 0
0 0 0 0 0 0 27 0 0 0 0 0 0 0 0 0 0 -6 -7 -8 -9 -6 
0 6 7 8 0 6 0 0 0 -6 0 0 -7 0 -8 0 -6 -6 -7 -8 18 -6 
0 0 0 0 18 0 0 0 0 -6 0 0 -7 0 -8 0 -6 6 7 8 -18 6 
27 -6 -7 -8 -9 -6 -27 0 0 0 0 0 0 0 0 0 0 6 7 8 9 6 
$
5 1 -3 -3 -2 -1 0 1
0 0 0 0 0 0 23 0 0 0 0 0 0 0 0 0 0 -5 -6 -7 -8 -5 
0 5 6 7 0 5 0 0 0 -5 0 0 -6 0 -7 0 -5 -5 -6 -7 15 -5 
0 0 0 0 15 0 0 0 0 -5 0 0 -6 0 -7 0 -5 5 6 7 -15 5 
23 -5 -6 -7 -8 -5 -23 0 0 0 0 0 0 0 0 0 0 5 6 7 8 5 
$
5 1 -3 -3 -2 -1 0 2
0 0 0 0 0 0 19 0 0 0 0 0 0 0 0 0 0 -4 -5 -6 -7 -4 
0 4 5 6 0 4 0 0 0 -4 0 0 -5 0 -6 0 -4 -4 -5 -6 12 -4 
0 0 0 0 12 0 0 0 0 -4 0 0 -5 0 -6 0 -4 4 5 6 -12 4 
19 -4 -5 -6 -7 -4 -19 0 0 0 0 0 0 0 0 0 0 4 5 6 7 4 
$
5 1 -3 -3 -3 -3 -2 2
0 0 0 0 0 0 34 0 0 0 0 0 0 0 0 0 0 -9 -9 -9 -10 -9 
34 -9 -9 -9 -10 -9 -34 0 0 0 0 0 0 0 0 0 0 9 9 9 10 9 
$
5 1 -3 -3 -3 -3 -2 3
0 0 0 0 0 0 30 0 0 0 0 0 0 0 0 0 0 -8 -8 -8 -9 -8 
30 -8 -8 -8 -9 -8 -30 0 0 0 0 0 0 0 0 0 0 8 8 8 9 8 
$
5 1 -3 -3 -3 -3 -1 -3
0 0 0 0 0 0 51 0 0 0 0 0 0 0 0 0 0 -13 -13 -13 -15 -13 
51 -13 -13 -13 -15 -13 -51 0 0 0 0 0 0 0 0 0 0 13 13 13 15 13 
$
5 1 -3 -3 -3 -3 -1 -2
0 0 0 0 0 0 47 0 0 0 0 0 0 0 0 0 0 -12 -12 -12 -14 -12 
47 -12 -12 -12 -14 -12 -47 0 0 0 0 0 0 0 0 0 0 12 12 12 14 12 
$
5 1 -1 0 0 0 0 -3
0 0 0 11 0 0 0 0 -4 0 0 -4 0 0 -4 -3 0 4 4 -11 4 3 
0 0 11 0 0 0 0 -4 0 0 0 -4 -4 -3 0 0 0 4 -11 4 4 3 
0 0 4 4 4 3 0 -4 -4 -4 -3 0 0 0 0 0 0 11 -4 -4 -4 -3 
0 11 0 0 0 0 0 -4 -4 -4 -3 0 0 0 0 0 0 -11 4 4 4 3 
0 4 4 0 4 3 0 0 -4 0 0 -4 0 0 -4 -3 0 -4 -4 11 -4 -3 
0 0 0 0 0 0 15 0 0 0 0 0 0 0 0 0 0 -4 -4 -4 -4 -3 
0 4 4 4 0 3 0 0 0 -4 0 0 -4 0 -4 0 -3 -4 -4 -4 11 -3 
0 4 0 4 4 3 0 -4 0 0 0 -4 -4 -3 0 0 0 -4 11 -4 -4 -3 
0 0 0 0 11 0 0 0 0 -4 0 0 -4 0 -4 0 -3 4 4 4 -11 3 
15 -4 -4 -4 -4 -3 -15 0 0 0 0 0 0 0 0 0 0 4 4 4 4 3 
$
5 1 -1 0 0 0 0 -2
0 0 0 8 0 0 0 0 -3 0 0 -3 0 0 -3 -2 0 3 3 -8 3 2 
0 0 8 0 0 0 0 -3 0 0 0 -3 -3 -2 0 0 0 3 -8 3 3 2 
0 0 3 3 3 2 0 -3 -3 -3 -2 0 0 0 0 0 0 8 -3 -3 -3 -2 
0 8 0 0 0 0 0 -3 -3 -3 -2 0 0 0 0 0 0 -8 3 3 3 2 
0 3 3 0 3 2 0 0 -3 0 0 -3 0 0 -3 -2 0 -3 -3 8 -3 -2 
0 0 0 0 0 0 11 0 0 0 0 0 0 0 0 0 0 -3 -3 -3 -3 -2 
0 3 3 3 0 2 0 0 0 -3 0 0 -3 0 -3 0 -2 -3 -3 -3 8 -2 
0 3 0 3 3 2 0 -3 0 0 0 -3 -3 -2 0 0 0 -3 8 -3 -3 -2 
0 0 0 0 8 0 0 0 0 -3 0 0 -3 0 -3 0 -2 3 3 3 -8 2 
11 -3 -3 -3 -3 -2 -11 0 0 0 0 0 0 0 0 0 0 3 3 3 3 2 
$
5 1 -1 0 0 0 0 0
0 0 0 2 0 0 0 0 -1 0 0 -1 0 0 -1 0 0 1 1 -2 1 0 
0 0 2 0 0 0 0 -1 0 0 0 -1 -1 0 0 0 0 1 -2 1 1 0 
0 0 1 1 1 0 0 -1 -1 -1 0 0 0 0 0 0 0 2 -1 -1 -1 0 
0 2 0 0 0 0 0 -1 -1 -1 0 0 0 0 0 0 0 -2 1 1 1 0 
0 1 1 0 1 0 0 0 -1 0 0 -1 0 0 -1 0 0 -1 -1 2 -1 0 
0 0 0 0 0 0 3 0 0 0 0 0 0 0 0 0 0 -1 -1 -1 -1 0 
0 1 1 1 0 0 0 0 0 -1 0 0 -1 0 -1 0 0 -1 -1 -1 2 0 
0 1 0 1 1 0 0 -1 0 0 0 -1 -1 0 0 0 0 -1 2 -1 -1 0 
0 0 0 0 2 0 0 0 0 -1 0 0 -1 0 -1 0 0 1 1 1 -2 0 
3 -1 -1 -1 -1 0 -3 0 0 0 0 0 0 0 0 0 0 1 1 1 1 0 
$
5 1 -1 0 0 0 0 1
0 0 0 0 2 0 1 0 0 -1 0 0 -1 0 -1 0 1 1 1 1 -3 -1 
3 -1 -1 -1 -1 1 -3 0 0 0 0 0 0 0 0 0 0 1 1 1 1 -1 
0 0 0 2 0 0 1 0 -1 0 0 -1 0 0 -1 1 0 1 1 -3 1 -1 
1 -1 1 1 1 -1 -1 -1 -1 -1 1 0 0 0 0 0 0 3 -1 -1 -1 1 
3 -1 -1 -1 -1 -3 -3 0 0 0 1 0 0 1 0 1 1 1 1 1 1 3 
0 0 2 0 0 0 1 -1 0 0 0 -1 -1 1 0 0 0 1 -3 1 1 -1 
1 1 -1 1 1 -1 -1 -1 0 0 0 -1 -1 1 0 0 0 -1 3 -1 -1 1 
1 1 1 1 -1 -1 -1 0 0 -1 0 0 -1 0 -1 0 1 -1 -1 -1 3 1 
0 0 0 0 0 0 3 0 0 0 0 0 0 0 0 0 0 -1 -1 -1 -1 1 
1 1 1 -1 1 -1 -1 0 -1 0 0 -1 0 0 -1 1 0 -1 -1 3 -1 1 
0 2 0 0 0 0 1 -1 -1 -1 1 0 0 0 0 0 0 -3 1 1 1 -1 
0 0 0 0 0 0 3 0 0 0 1 0 0 1 0 1 1 -1 -1 -1 -1 -3 
$
5 1 -3 -3 -2 0 0 -3
0 0 0 25 0 0 0 0 -8 0 0 -9 0 0 -11 -8 0 8 9 -25 11 8 
0 8 9 0 11 8 0 0 -8 0 0 -9 0 0 -11 -8 0 -8 -9 25 -11 -8 
0 0 0 0 0 0 36 0 0 0 0 0 0 0 0 0 0 -8 -9 -11 -11 -8 
0 8 9 11 0 8 0 0 0 -8 0 0 -9 0 -11 0 -8 -8 -9 -11 25 -8 
0 0 0 0 25 0 0 0 0 -8 0 0 -9 0 -11 0 -8 8 9 11 -25 8 
36 -8 -9 -11 -11 -8 -36 0 0 0 0 0 0 0 0 0 0 8 9 11 11 8 
$
5 1 -3 -3 -2 0 0 -2
0 0 0 22 0 0 0 0 -7 0 0 -8 0 0 -10 -7 0 7 8 -22 10 7 
0 7 8 0 10 7 0 0 -7 0 0 -8 0 0 -10 -7 0 -7 -8 22 -10 -7 
0 0 0 0 0 0 32 0 0 0 0 0 0 0 0 0 0 -7 -8 -10 -10 -7 
0 7 8 10 0 7 0 0 0 -7 0 0 -8 0 -10 0 -7 -7 -8 -10 22 -7 
0 0 0 0 22 0 0 0 0 -7 0 0 -8 0 -10 0 -7 7 8 10 -22 7 
32 -7 -8 -10 -10 -7 -32 0 0 0 0 0 0 0 0 0 0 7 8 10 10 7 
$
5 1 -3 -3 -2 0 0 -1
0 0 0 19 0 0 0 0 -6 0 0 -7 0 0 -9 -6 0 6 7 -19 9 6 
0 6 7 0 9 6 0 0 -6 0 0 -7 0 0 -9 -6 0 -6 -7 19 -9 -6 
0 0 0 0 0 0 28 0 0 0 0 0 0 0 0 0 0 -6 -7 -9 -9 -6 
0 6 7 9 0 6 0 0 0 -6 0 0 -7 0 -9 0 -6 -6 -7 -9 19 -6 
0 0 0 0 19 0 0 0 0 -6 0 0 -7 0 -9 0 -6 6 7 9 -19 6 
28 -6 -7 -9 -9 -6 -28 0 0 0 0 0 0 0 0 0 0 6 7 9 9 6 
$
5 1 -3 -3 -2 0 0 0
0 0 0 16 0 0 0 0 -5 0 0 -6 0 0 -8 -5 0 5 6 -16 8 5 
0 5 6 0 8 5 0 0 -5 0 0 -6 0 0 -8 -5 0 -5 -6 16 -8 -5 
0 0 0 0 0 0 24 0 0 0 0 0 0 0 0 0 0 -5 -6 -8 -8 -5 
0 5 6 8 0 5 0 0 0 -5 0 0 -6 0 -8 0 -5 -5 -6 -8 16 -5 
0 0 0 0 16 0 0 0 0 -5 0 0 -6 0 -8 0 -5 5 6 8 -16 5 
24 -5 -6 -8 -8 -5 -24 0 0 0 0 0 0 0 0 0 0 5 6 8 8 5 
$
5 1 0 0 0 0 0 -3
0 0 0 9 0 0 0 0 -3 0 0 -3 0 0 -3 -3 0 3 3 -9 3 3 
0 0 9 0 0 0 0 -3 0 0 0 -3 -3 -3 0 0 0 3 -9 3 3 3 
0 0 3 3 3 3 0 -3 -3 -3 -3 0 0 0 0 0 0 9 -3 -3 -3 -3 
0 9 0 0 0 0 0 -3 -3 -3 -3 0 0 0 0 0 0 -9 3 3 3 3 
0 3 3 0 3 3 0 0 -3 0 0 -3 0 0 -3 -3 0 -3 -3 9 -3 -3 
0 0 0 0 0 0 12 0 0 0 0 0 0 0 0 0 0 -3 -3 -3 -3 -3 
0 3 3 3 3 0 0 0 0 0 -3 0 0 -3 0 -3 -3 -3 -3 -3 -3 9 
0 3 3 3 0 3 0 0 0 -3 0 0 -3 0 -3 0 -3 -3 -3 -3 9 -3 
0 3 0 3 3 3 0 -3 0 0 0 -3 -3 -3 0 0 0 -3 9 -3 -3 -3 
0 0 0 0 9 0 0 0 0 -3 0 0 -3 0 -3 0 -3 3 3 3 -9 3 
0 0 0 0 0 9 0 0 0 0 -3 0 0 -3 0 -3 -3 3 3 3 3 -9 
12 -3 -3 -3 -3 -3 -12 0 0 0 0 0 0 0 0 0 0 3 3 3 3 3 
$
5 1 0 0 0 0 0 -2
0 0 0 6 0 0 0 0 -2 0 0 -2 0 0 -2 -2 0 2 2 -6 2 2 
0 0 6 0 0 0 0 -2 0 0 0 -2 -2 -2 0 0 0 2 -6 2 2 2 
0 0 2 2 2 2 0 -2 -2 -2 -2 0 0 0 0 0 0 6 -2 -2 -2 -2 
0 6 0 0 0 0 0 -2 -2 -2 -2 0 0 0 0 0 0 -6 2 2 2 2 
0 2 2 0 2 2 0 0 -2 0 0 -2 0 0 -2 -2 0 -2 -2 6 -2 -2 
0 0 0 0 0 0 8 0 0 0 0 0 0 0 0 0 0 -2 -2 -2 -2 -2 
0 2 2 2 2 0 0 0 0 0 -2 0 0 -2 0 -2 -2 -2 -2 -2 -2 6 
0 2 2 2 0 2 0 0 0 -2 0 0 -2 0 -2 0 -2 -2 -2 -2 6 -2 
0 2 0 2 2 2 0 -2 0 0 0 -2 -2 -2 0 0 0 -2 6 -2 -2 -2 
0 0 0 0 6 0 0 0 0 -2 0 0 -2 0 -2 0 -2 2 2 2 -6 2 
0 0 0 0 0 6 0 0 0 0 -2 0 0 -2 0 -2 -2 2 2 2 2 -6 
8 -2 -2 -2 -2 -2 -8 0 0 0 0 0 0 0 0 0 0 2 2 2 2 2 
$
5 1 0 0 0 0 0 -1
0 0 0 3 0 0 0 0 -1 0 0 -1 0 0 -1 -1 0 1 1 -3 1 1 
0 0 3 0 0 0 0 -1 0 0 0 -1 -1 -1 0 0 0 1 -3 1 1 1 
0 0 1 1 1 1 0 -1 -1 -1 -1 0 0 0 0 0 0 3 -1 -1 -1 -1 
0 3 0 0 0 0 0 -1 -1 -1 -1 0 0 0 0 0 0 -3 1 1 1 1 
0 1 1 0 1 1 0 0 -1 0 0 -1 0 0 -1 -1 0 -1 -1 3 -1 -1 
0 0 0 0 0 0 4 0 0 0 0 0 0 0 0 0 0 -1 -1 -1 -1 -1 
0 1 1 1 1 0 0 0 0 0 -1 0 0 -1 0 -1 -1 -1 -1 -1 -1 3 
0 1 1 1 0 1 0 0 0 -1 0 0 -1 0 -1 0 -1 -1 -1 -1 3 -1 
0 1 0 1 1 1 0 -1 0 0 0 -1 -1 -1 0 0 0 -1 3 -1 -1 -1 
0 0 0 0 3 0 0 0 0 -1 0 0 -1 0 -1 0 -1 1 1 1 -3 1 
0 0 0 0 0 3 0 0 0 0 -1 0 0 -1 0 -1 -1 1 1 1 1 -3 
4 -1 -1 -1 -1 -1 -4 0 0 0 0 0 0 0 0 0 0 1 1 1 1 1 
$
5 1 0 0 0 0 0 0
0 0 0 0 0 0 0 0 0 0 0 0 0 0 0 0 0 0 0 0 0 0 
$
5 1 0 0 0 0 1 0
3 -2 -2 -2 0 -2 -3 1 1 0 1 1 0 1 0 1 0 2 2 2 0 2 
0 0 0 0 0 0 3 1 1 0 1 1 0 1 0 1 0 -2 -2 -2 0 -2 
$
5 1 0 0 0 0 2 0
6 -4 -4 -4 0 -4 -6 2 2 0 2 2 0 2 0 2 0 4 4 4 0 4 
0 0 0 0 0 0 6 2 2 0 2 2 0 2 0 2 0 -4 -4 -4 0 -4 
$
5 1 0 0 0 0 3 0
9 -6 -6 -6 0 -6 -9 3 3 0 3 3 0 3 0 3 0 6 6 6 0 6 
0 0 0 0 0 0 9 3 3 0 3 3 0 3 0 3 0 -6 -6 -6 0 -6 
$
5 1 -3 -3 -2 0 0 2
0 0 0 10 0 0 0 0 -3 0 0 -4 0 0 -6 -3 0 3 4 -10 6 3 
0 3 4 0 6 3 0 0 -3 0 0 -4 0 0 -6 -3 0 -3 -4 10 -6 -3 
0 0 0 0 0 0 16 0 0 0 0 0 0 0 0 0 0 -3 -4 -6 -6 -3 
0 3 4 6 0 3 0 0 0 -3 0 0 -4 0 -6 0 -3 -3 -4 -6 10 -3 
0 0 0 0 10 0 0 0 0 -3 0 0 -4 0 -6 0 -3 3 4 6 -10 3 
16 -3 -4 -6 -6 -3 -16 0 0 0 0 0 0 0 0 0 0 3 4 6 6 3 
$
5 1 1 1 1 1 1 -2
3 -2 -2 -2 -2 -2 -3 1 1 1 1 1 1 1 1 1 1 2 2 2 2 2 
0 0 0 0 0 0 3 1 1 1 1 1 1 1 1 1 1 -2 -2 -2 -2 -2 
$
5 1 -3 -3 -3 -3 -1 2
0 0 0 0 0 0 31 0 0 0 0 0 0 0 0 0 0 -8 -8 -8 -10 -8 
31 -8 -8 -8 -10 -8 -31 0 0 0 0 0 0 0 0 0 0 8 8 8 10 8 
$
5 1 -3 -3 -3 -3 -1 3
0 0 0 0 0 0 27 0 0 0 0 0 0 0 0 0 0 -7 -7 -7 -9 -7 
27 -7 -7 -7 -9 -7 -27 0 0 0 0 0 0 0 0 0 0 7 7 7 9 7 
$
5 1 -3 -3 -3 -3 0 -3
0 0 0 0 0 0 48 0 0 0 0 0 0 0 0 0 0 -12 -12 -12 -15 -12 
0 12 12 12 0 12 0 0 0 -12 0 0 -12 0 -12 0 -12 -12 -12 -12 33 -12 
0 0 0 0 33 0 0 0 0 -12 0 0 -12 0 -12 0 -12 12 12 12 -33 12 
48 -12 -12 -12 -15 -12 -48 0 0 0 0 0 0 0 0 0 0 12 12 12 15 12 
$
5 1 -3 -3 -3 -3 0 -2
0 0 0 0 0 0 44 0 0 0 0 0 0 0 0 0 0 -11 -11 -11 -14 -11 
0 11 11 11 0 11 0 0 0 -11 0 0 -11 0 -11 0 -11 -11 -11 -11 30 -11 
0 0 0 0 30 0 0 0 0 -11 0 0 -11 0 -11 0 -11 11 11 11 -30 11 
44 -11 -11 -11 -14 -11 -44 0 0 0 0 0 0 0 0 0 0 11 11 11 14 11 
$
5 1 -3 -3 -3 -3 0 -1
0 0 0 0 0 0 40 0 0 0 0 0 0 0 0 0 0 -10 -10 -10 -13 -10 
0 10 10 10 0 10 0 0 0 -10 0 0 -10 0 -10 0 -10 -10 -10 -10 27 -10 
0 0 0 0 27 0 0 0 0 -10 0 0 -10 0 -10 0 -10 10 10 10 -27 10 
40 -10 -10 -10 -13 -10 -40 0 0 0 0 0 0 0 0 0 0 10 10 10 13 10 
$
5 1 -3 -3 -3 -3 0 0
0 0 0 0 0 0 36 0 0 0 0 0 0 0 0 0 0 -9 -9 -9 -12 -9 
0 9 9 9 0 9 0 0 0 -9 0 0 -9 0 -9 0 -9 -9 -9 -9 24 -9 
0 0 0 0 24 0 0 0 0 -9 0 0 -9 0 -9 0 -9 9 9 9 -24 9 
36 -9 -9 -9 -12 -9 -36 0 0 0 0 0 0 0 0 0 0 9 9 9 12 9 
$
5 1 -3 -3 -1 -1 -1 -3
0 0 0 0 0 0 39 0 0 0 0 0 0 0 0 0 0 -9 -11 -11 -11 -9 
39 -9 -11 -11 -11 -9 -39 0 0 0 0 0 0 0 0 0 0 9 11 11 11 9 
$
5 1 -3 -3 -1 -1 -1 -2
0 0 0 0 0 0 35 0 0 0 0 0 0 0 0 0 0 -8 -10 -10 -10 -8 
35 -8 -10 -10 -10 -8 -35 0 0 0 0 0 0 0 0 0 0 8 10 10 10 8 
$
5 1 -3 -3 -1 -1 -1 -1
0 0 0 0 0 0 31 0 0 0 0 0 0 0 0 0 0 -7 -9 -9 -9 -7 
31 -7 -9 -9 -9 -7 -31 0 0 0 0 0 0 0 0 0 0 7 9 9 9 7 
$
5 1 -3 -3 -1 -1 -1 0
0 0 0 0 0 0 27 0 0 0 0 0 0 0 0 0 0 -6 -8 -8 -8 -6 
27 -6 -8 -8 -8 -6 -27 0 0 0 0 0 0 0 0 0 0 6 8 8 8 6 
$
5 1 -3 -3 -1 -1 -1 1
0 0 0 0 0 0 23 0 0 0 0 0 0 0 0 0 0 -5 -7 -7 -7 -5 
23 -5 -7 -7 -7 -5 -23 0 0 0 0 0 0 0 0 0 0 5 7 7 7 5 
$
5 1 -3 -3 -1 -1 -1 3
0 0 0 0 0 0 15 0 0 0 0 0 0 0 0 0 0 -3 -5 -5 -5 -3 
15 -3 -5 -5 -5 -3 -15 0 0 0 0 0 0 0 0 0 0 3 5 5 5 3 
$
5 1 -3 -3 -1 -1 0 -3
0 0 0 0 0 0 36 0 0 0 0 0 0 0 0 0 0 -8 -10 -10 -11 -8 
0 8 10 10 0 8 0 0 0 -8 0 0 -10 0 -10 0 -8 -8 -10 -10 25 -8 
0 0 0 0 25 0 0 0 0 -8 0 0 -10 0 -10 0 -8 8 10 10 -25 8 
36 -8 -10 -10 -11 -8 -36 0 0 0 0 0 0 0 0 0 0 8 10 10 11 8 
$
5 1 -3 -3 -1 -1 0 -2
0 0 0 0 0 0 32 0 0 0 0 0 0 0 0 0 0 -7 -9 -9 -10 -7 
0 7 9 9 0 7 0 0 0 -7 0 0 -9 0 -9 0 -7 -7 -9 -9 22 -7 
0 0 0 0 22 0 0 0 0 -7 0 0 -9 0 -9 0 -7 7 9 9 -22 7 
32 -7 -9 -9 -10 -7 -32 0 0 0 0 0 0 0 0 0 0 7 9 9 10 7 
$
5 1 -3 -3 -1 -1 0 -1
0 0 0 0 0 0 28 0 0 0 0 0 0 0 0 0 0 -6 -8 -8 -9 -6 
0 6 8 8 0 6 0 0 0 -6 0 0 -8 0 -8 0 -6 -6 -8 -8 19 -6 
0 0 0 0 19 0 0 0 0 -6 0 0 -8 0 -8 0 -6 6 8 8 -19 6 
28 -6 -8 -8 -9 -6 -28 0 0 0 0 0 0 0 0 0 0 6 8 8 9 6 
$
5 1 -3 -3 -1 -1 0 0
0 0 0 0 0 0 24 0 0 0 0 0 0 0 0 0 0 -5 -7 -7 -8 -5 
0 5 7 7 0 5 0 0 0 -5 0 0 -7 0 -7 0 -5 -5 -7 -7 16 -5 
0 0 0 0 16 0 0 0 0 -5 0 0 -7 0 -7 0 -5 5 7 7 -16 5 
24 -5 -7 -7 -8 -5 -24 0 0 0 0 0 0 0 0 0 0 5 7 7 8 5 
$
5 1 -3 -3 -1 -1 0 1
0 0 0 0 0 0 20 0 0 0 0 0 0 0 0 0 0 -4 -6 -6 -7 -4 
0 4 6 6 0 4 0 0 0 -4 0 0 -6 0 -6 0 -4 -4 -6 -6 13 -4 
0 0 0 0 13 0 0 0 0 -4 0 0 -6 0 -6 0 -4 4 6 6 -13 4 
20 -4 -6 -6 -7 -4 -20 0 0 0 0 0 0 0 0 0 0 4 6 6 7 4 
$
5 1 -3 -3 -1 -1 0 2
0 0 0 0 0 0 16 0 0 0 0 0 0 0 0 0 0 -3 -5 -5 -6 -3 
0 3 5 5 0 3 0 0 0 -3 0 0 -5 0 -5 0 -3 -3 -5 -5 10 -3 
0 0 0 0 10 0 0 0 0 -3 0 0 -5 0 -5 0 -3 3 5 5 -10 3 
16 -3 -5 -5 -6 -3 -16 0 0 0 0 0 0 0 0 0 0 3 5 5 6 3 
$
5 1 -3 -3 -1 0 0 -3
0 0 0 23 0 0 0 0 -7 0 0 -9 0 0 -10 -7 0 7 9 -23 10 7 
0 7 9 0 10 7 0 0 -7 0 0 -9 0 0 -10 -7 0 -7 -9 23 -10 -7 
0 0 0 0 0 0 33 0 0 0 0 0 0 0 0 0 0 -7 -9 -10 -10 -7 
0 7 9 10 0 7 0 0 0 -7 0 0 -9 0 -10 0 -7 -7 -9 -10 23 -7 
0 0 0 0 23 0 0 0 0 -7 0 0 -9 0 -10 0 -7 7 9 10 -23 7 
33 -7 -9 -10 -10 -7 -33 0 0 0 0 0 0 0 0 0 0 7 9 10 10 7 
$
5 1 -3 -3 -1 0 0 -2
0 0 0 20 0 0 0 0 -6 0 0 -8 0 0 -9 -6 0 6 8 -20 9 6 
0 6 8 0 9 6 0 0 -6 0 0 -8 0 0 -9 -6 0 -6 -8 20 -9 -6 
0 0 0 0 0 0 29 0 0 0 0 0 0 0 0 0 0 -6 -8 -9 -9 -6 
0 6 8 9 0 6 0 0 0 -6 0 0 -8 0 -9 0 -6 -6 -8 -9 20 -6 
0 0 0 0 20 0 0 0 0 -6 0 0 -8 0 -9 0 -6 6 8 9 -20 6 
29 -6 -8 -9 -9 -6 -29 0 0 0 0 0 0 0 0 0 0 6 8 9 9 6 
$
5 1 -3 -3 -1 0 0 -1
0 0 0 17 0 0 0 0 -5 0 0 -7 0 0 -8 -5 0 5 7 -17 8 5 
0 5 7 0 8 5 0 0 -5 0 0 -7 0 0 -8 -5 0 -5 -7 17 -8 -5 
0 0 0 0 0 0 25 0 0 0 0 0 0 0 0 0 0 -5 -7 -8 -8 -5 
0 5 7 8 0 5 0 0 0 -5 0 0 -7 0 -8 0 -5 -5 -7 -8 17 -5 
0 0 0 0 17 0 0 0 0 -5 0 0 -7 0 -8 0 -5 5 7 8 -17 5 
25 -5 -7 -8 -8 -5 -25 0 0 0 0 0 0 0 0 0 0 5 7 8 8 5 
$
5 1 -3 -3 -3 -3 0 1
0 0 0 0 0 0 32 0 0 0 0 0 0 0 0 0 0 -8 -8 -8 -11 -8 
0 8 8 8 0 8 0 0 0 -8 0 0 -8 0 -8 0 -8 -8 -8 -8 21 -8 
0 0 0 0 21 0 0 0 0 -8 0 0 -8 0 -8 0 -8 8 8 8 -21 8 
32 -8 -8 -8 -11 -8 -32 0 0 0 0 0 0 0 0 0 0 8 8 8 11 8 
$
5 1 -3 -3 -3 -3 0 2
0 0 0 0 0 0 28 0 0 0 0 0 0 0 0 0 0 -7 -7 -7 -10 -7 
0 7 7 7 0 7 0 0 0 -7 0 0 -7 0 -7 0 -7 -7 -7 -7 18 -7 
0 0 0 0 18 0 0 0 0 -7 0 0 -7 0 -7 0 -7 7 7 7 -18 7 
28 -7 -7 -7 -10 -7 -28 0 0 0 0 0 0 0 0 0 0 7 7 7 10 7 
$
5 1 -3 -3 -3 -3 0 3
24 -6 -6 -6 -9 -6 -24 0 0 0 0 0 0 0 0 0 0 6 6 6 9 6 
0 0 0 0 15 0 0 0 0 -6 0 0 -6 0 -6 0 -6 6 6 6 -15 6 
0 6 6 6 0 6 0 0 0 -6 0 0 -6 0 -6 0 -6 -6 -6 -6 15 -6 
0 0 0 0 0 0 24 0 0 0 0 0 0 0 0 0 0 -6 -6 -6 -9 -6 
$
5 1 -3 -3 -1 0 0 0
0 0 0 14 0 0 0 0 -4 0 0 -6 0 0 -7 -4 0 4 6 -14 7 4 
0 4 6 0 7 4 0 0 -4 0 0 -6 0 0 -7 -4 0 -4 -6 14 -7 -4 
0 0 0 0 0 0 21 0 0 0 0 0 0 0 0 0 0 -4 -6 -7 -7 -4 
0 4 6 7 0 4 0 0 0 -4 0 0 -6 0 -7 0 -4 -4 -6 -7 14 -4 
0 0 0 0 14 0 0 0 0 -4 0 0 -6 0 -7 0 -4 4 6 7 -14 4 
21 -4 -6 -7 -7 -4 -21 0 0 0 0 0 0 0 0 0 0 4 6 7 7 4 
$
5 1 -3 -3 -1 0 0 1
0 0 0 11 0 0 0 0 -3 0 0 -5 0 0 -6 -3 0 3 5 -11 6 3 
0 3 5 0 6 3 0 0 -3 0 0 -5 0 0 -6 -3 0 -3 -5 11 -6 -3 
0 0 0 0 0 0 17 0 0 0 0 0 0 0 0 0 0 -3 -5 -6 -6 -3 
0 3 5 6 0 3 0 0 0 -3 0 0 -5 0 -6 0 -3 -3 -5 -6 11 -3 
0 0 0 0 11 0 0 0 0 -3 0 0 -5 0 -6 0 -3 3 5 6 -11 3 
17 -3 -5 -6 -6 -3 -17 0 0 0 0 0 0 0 0 0 0 3 5 6 6 3 
$
5 1 -3 -3 0 0 0 -3
0 0 0 21 0 0 0 0 -6 0 0 -9 0 0 -9 -6 0 6 9 -21 9 6 
0 0 21 0 0 0 0 -6 0 0 0 -9 -9 -6 0 0 0 6 -21 9 9 6 
0 6 9 0 9 6 0 0 -6 0 0 -9 0 0 -9 -6 0 -6 -9 21 -9 -6 
0 0 0 0 0 0 30 0 0 0 0 0 0 0 0 0 0 -6 -9 -9 -9 -6 
0 6 9 9 0 6 0 0 0 -6 0 0 -9 0 -9 0 -6 -6 -9 -9 21 -6 
0 6 0 9 9 6 0 -6 0 0 0 -9 -9 -6 0 0 0 -6 21 -9 -9 -6 
0 0 0 0 21 0 0 0 0 -6 0 0 -9 0 -9 0 -6 6 9 9 -21 6 
30 -6 -9 -9 -9 -6 -30 0 0 0 0 0 0 0 0 0 0 6 9 9 9 6 
$
5 1 -3 -3 0 0 0 -2
0 0 0 18 0 0 0 0 -5 0 0 -8 0 0 -8 -5 0 5 8 -18 8 5 
0 0 18 0 0 0 0 -5 0 0 0 -8 -8 -5 0 0 0 5 -18 8 8 5 
0 5 8 0 8 5 0 0 -5 0 0 -8 0 0 -8 -5 0 -5 -8 18 -8 -5 
0 0 0 0 0 0 26 0 0 0 0 0 0 0 0 0 0 -5 -8 -8 -8 -5 
0 5 8 8 0 5 0 0 0 -5 0 0 -8 0 -8 0 -5 -5 -8 -8 18 -5 
0 5 0 8 8 5 0 -5 0 0 0 -8 -8 -5 0 0 0 -5 18 -8 -8 -5 
0 0 0 0 18 0 0 0 0 -5 0 0 -8 0 -8 0 -5 5 8 8 -18 5 
26 -5 -8 -8 -8 -5 -26 0 0 0 0 0 0 0 0 0 0 5 8 8 8 5 
$
5 1 -3 -3 0 0 0 -1
0 0 0 15 0 0 0 0 -4 0 0 -7 0 0 -7 -4 0 4 7 -15 7 4 
0 0 15 0 0 0 0 -4 0 0 0 -7 -7 -4 0 0 0 4 -15 7 7 4 
0 4 7 0 7 4 0 0 -4 0 0 -7 0 0 -7 -4 0 -4 -7 15 -7 -4 
0 0 0 0 0 0 22 0 0 0 0 0 0 0 0 0 0 -4 -7 -7 -7 -4 
0 4 7 7 0 4 0 0 0 -4 0 0 -7 0 -7 0 -4 -4 -7 -7 15 -4 
0 4 0 7 7 4 0 -4 0 0 0 -7 -7 -4 0 0 0 -4 15 -7 -7 -4 
0 0 0 0 15 0 0 0 0 -4 0 0 -7 0 -7 0 -4 4 7 7 -15 4 
22 -4 -7 -7 -7 -4 -22 0 0 0 0 0 0 0 0 0 0 4 7 7 7 4 
$
5 1 -3 -3 0 0 0 0
0 0 0 12 0 0 0 0 -3 0 0 -6 0 0 -6 -3 0 3 6 -12 6 3 
0 0 12 0 0 0 0 -3 0 0 0 -6 -6 -3 0 0 0 3 -12 6 6 3 
0 3 6 0 6 3 0 0 -3 0 0 -6 0 0 -6 -3 0 -3 -6 12 -6 -3 
0 0 0 0 0 0 18 0 0 0 0 0 0 0 0 0 0 -3 -6 -6 -6 -3 
0 3 6 6 0 3 0 0 0 -3 0 0 -6 0 -6 0 -3 -3 -6 -6 12 -3 
0 3 0 6 6 3 0 -3 0 0 0 -6 -6 -3 0 0 0 -3 12 -6 -6 -3 
0 0 0 0 12 0 0 0 0 -3 0 0 -6 0 -6 0 -3 3 6 6 -12 3 
18 -3 -6 -6 -6 -3 -18 0 0 0 0 0 0 0 0 0 0 3 6 6 6 3 
$
5 1 -3 -3 -3 -2 -2 -3
0 0 0 0 0 0 51 0 0 0 0 0 0 0 0 0 0 -13 -13 -14 -14 -13 
51 -13 -13 -14 -14 -13 -51 0 0 0 0 0 0 0 0 0 0 13 13 14 14 13 
$
5 1 -3 -3 -3 -2 -2 -2
0 0 0 0 0 0 47 0 0 0 0 0 0 0 0 0 0 -12 -12 -13 -13 -12 
47 -12 -12 -13 -13 -12 -47 0 0 0 0 0 0 0 0 0 0 12 12 13 13 12 
$
5 1 -3 -2 -2 -2 -2 -3
0 0 0 0 0 0 45 0 0 0 0 0 0 0 0 0 0 -12 -12 -12 -12 -11 
45 -12 -12 -12 -12 -11 -45 0 0 0 0 0 0 0 0 0 0 12 12 12 12 11 
$
5 1 -3 -2 -2 -2 -2 -2
0 0 0 0 0 0 41 0 0 0 0 0 0 0 0 0 0 -11 -11 -11 -11 -10 
41 -11 -11 -11 -11 -10 -41 0 0 0 0 0 0 0 0 0 0 11 11 11 11 10 
$
5 1 -3 -2 -2 -2 -2 -1
0 0 0 0 0 0 37 0 0 0 0 0 0 0 0 0 0 -10 -10 -10 -10 -9 
37 -10 -10 -10 -10 -9 -37 0 0 0 0 0 0 0 0 0 0 10 10 10 10 9 
$
5 1 -3 -2 -2 -2 -2 0
0 0 0 0 0 0 33 0 0 0 0 0 0 0 0 0 0 -9 -9 -9 -9 -8 
33 -9 -9 -9 -9 -8 -33 0 0 0 0 0 0 0 0 0 0 9 9 9 9 8 
$
5 1 -3 -2 -2 -2 -2 1
0 0 0 0 0 0 29 0 0 0 0 0 0 0 0 0 0 -8 -8 -8 -8 -7 
29 -8 -8 -8 -8 -7 -29 0 0 0 0 0 0 0 0 0 0 8 8 8 8 7 
$
5 1 -3 -2 -2 -2 -2 2
0 0 0 0 0 0 25 0 0 0 0 0 0 0 0 0 0 -7 -7 -7 -7 -6 
25 -7 -7 -7 -7 -6 -25 0 0 0 0 0 0 0 0 0 0 7 7 7 7 6 
$
5 1 -3 -2 -2 -2 -2 3
0 0 0 0 0 0 21 0 0 0 0 0 0 0 0 0 0 -6 -6 -6 -6 -5 
21 -6 -6 -6 -6 -5 -21 0 0 0 0 0 0 0 0 0 0 6 6 6 6 5 
$
5 1 -3 -2 -2 -2 -1 -3
0 0 0 0 0 0 42 0 0 0 0 0 0 0 0 0 0 -11 -11 -11 -12 -10 
42 -11 -11 -11 -12 -10 -42 0 0 0 0 0 0 0 0 0 0 11 11 11 12 10 
$
5 1 -3 -2 -2 -2 -1 -2
0 0 0 0 0 0 38 0 0 0 0 0 0 0 0 0 0 -10 -10 -10 -11 -9 
38 -10 -10 -10 -11 -9 -38 0 0 0 0 0 0 0 0 0 0 10 10 10 11 9 
$
5 1 -3 -2 -2 -2 -1 -1
0 0 0 0 0 0 34 0 0 0 0 0 0 0 0 0 0 -9 -9 -9 -10 -8 
34 -9 -9 -9 -10 -8 -34 0 0 0 0 0 0 0 0 0 0 9 9 9 10 8 
$
5 1 -3 -2 -2 -2 -1 0
0 0 0 0 0 0 30 0 0 0 0 0 0 0 0 0 0 -8 -8 -8 -9 -7 
30 -8 -8 -8 -9 -7 -30 0 0 0 0 0 0 0 0 0 0 8 8 8 9 7 
$
5 1 -3 -2 -2 -2 -1 1
0 0 0 0 0 0 26 0 0 0 0 0 0 0 0 0 0 -7 -7 -7 -8 -6 
26 -7 -7 -7 -8 -6 -26 0 0 0 0 0 0 0 0 0 0 7 7 7 8 6 
$
5 1 -3 -2 -2 -2 -1 2
0 0 0 0 0 0 22 0 0 0 0 0 0 0 0 0 0 -6 -6 -6 -7 -5 
22 -6 -6 -6 -7 -5 -22 0 0 0 0 0 0 0 0 0 0 6 6 6 7 5 
$
5 1 -3 -2 -2 -2 -1 3
0 0 0 0 0 0 18 0 0 0 0 0 0 0 0 0 0 -5 -5 -5 -6 -4 
18 -5 -5 -5 -6 -4 -18 0 0 0 0 0 0 0 0 0 0 5 5 5 6 4 
$
5 1 -3 -2 -2 -2 0 -3
0 0 0 0 0 0 39 0 0 0 0 0 0 0 0 0 0 -10 -10 -10 -12 -9 
0 10 10 10 0 9 0 0 0 -10 0 0 -10 0 -10 0 -9 -10 -10 -10 27 -9 
0 0 0 0 27 0 0 0 0 -10 0 0 -10 0 -10 0 -9 10 10 10 -27 9 
39 -10 -10 -10 -12 -9 -39 0 0 0 0 0 0 0 0 0 0 10 10 10 12 9 
$
5 1 -3 -2 -2 -2 0 -2
0 0 0 0 0 0 35 0 0 0 0 0 0 0 0 0 0 -9 -9 -9 -11 -8 
0 9 9 9 0 8 0 0 0 -9 0 0 -9 0 -9 0 -8 -9 -9 -9 24 -8 
0 0 0 0 24 0 0 0 0 -9 0 0 -9 0 -9 0 -8 9 9 9 -24 8 
35 -9 -9 -9 -11 -8 -35 0 0 0 0 0 0 0 0 0 0 9 9 9 11 8 
$
5 1 -3 -2 -2 -2 0 -1
0 0 0 0 0 0 31 0 0 0 0 0 0 0 0 0 0 -8 -8 -8 -10 -7 
0 8 8 8 0 7 0 0 0 -8 0 0 -8 0 -8 0 -7 -8 -8 -8 21 -7 
0 0 0 0 21 0 0 0 0 -8 0 0 -8 0 -8 0 -7 8 8 8 -21 7 
31 -8 -8 -8 -10 -7 -31 0 0 0 0 0 0 0 0 0 0 8 8 8 10 7 
$
5 1 -3 -2 -2 -2 0 0
0 0 0 0 0 0 27 0 0 0 0 0 0 0 0 0 0 -7 -7 -7 -9 -6 
0 7 7 7 0 6 0 0 0 -7 0 0 -7 0 -7 0 -6 -7 -7 -7 18 -6 
0 0 0 0 18 0 0 0 0 -7 0 0 -7 0 -7 0 -6 7 7 7 -18 6 
27 -7 -7 -7 -9 -6 -27 0 0 0 0 0 0 0 0 0 0 7 7 7 9 6 
$
5 1 -3 -2 -2 -2 0 1
0 0 0 0 0 0 23 0 0 0 0 0 0 0 0 0 0 -6 -6 -6 -8 -5 
0 6 6 6 0 5 0 0 0 -6 0 0 -6 0 -6 0 -5 -6 -6 -6 15 -5 
0 0 0 0 15 0 0 0 0 -6 0 0 -6 0 -6 0 -5 6 6 6 -15 5 
23 -6 -6 -6 -8 -5 -23 0 0 0 0 0 0 0 0 0 0 6 6 6 8 5 
$
5 1 -3 -2 -2 -2 0 2
0 0 0 0 0 0 19 0 0 0 0 0 0 0 0 0 0 -5 -5 -5 -7 -4 
0 5 5 5 0 4 0 0 0 -5 0 0 -5 0 -5 0 -4 -5 -5 -5 12 -4 
0 0 0 0 12 0 0 0 0 -5 0 0 -5 0 -5 0 -4 5 5 5 -12 4 
19 -5 -5 -5 -7 -4 -19 0 0 0 0 0 0 0 0 0 0 5 5 5 7 4 
$
5 1 -3 -2 -2 -2 0 3
15 -4 -4 -4 -6 -3 -15 0 0 0 0 0 0 0 0 0 0 4 4 4 6 3 
0 0 0 0 9 0 0 0 0 -4 0 0 -4 0 -4 0 -3 4 4 4 -9 3 
0 4 4 4 0 3 0 0 0 -4 0 0 -4 0 -4 0 -3 -4 -4 -4 9 -3 
0 0 0 0 0 0 15 0 0 0 0 0 0 0 0 0 0 -4 -4 -4 -6 -3 
$
5 1 -3 -2 -2 -1 -1 -3
0 0 0 0 0 0 39 0 0 0 0 0 0 0 0 0 0 -10 -10 -11 -11 -9 
39 -10 -10 -11 -11 -9 -39 0 0 0 0 0 0 0 0 0 0 10 10 11 11 9 
$
5 1 -3 -2 -2 -1 -1 -2
0 0 0 0 0 0 35 0 0 0 0 0 0 0 0 0 0 -9 -9 -10 -10 -8 
35 -9 -9 -10 -10 -8 -35 0 0 0 0 0 0 0 0 0 0 9 9 10 10 8 
$
5 1 -3 -2 -2 -1 -1 -1
0 0 0 0 0 0 31 0 0 0 0 0 0 0 0 0 0 -8 -8 -9 -9 -7 
31 -8 -8 -9 -9 -7 -31 0 0 0 0 0 0 0 0 0 0 8 8 9 9 7 
$
5 1 -3 -2 -2 -1 -1 0
0 0 0 0 0 0 27 0 0 0 0 0 0 0 0 0 0 -7 -7 -8 -8 -6 
27 -7 -7 -8 -8 -6 -27 0 0 0 0 0 0 0 0 0 0 7 7 8 8 6 
$
5 1 -3 -2 -2 -1 -1 1
0 0 0 0 0 0 23 0 0 0 0 0 0 0 0 0 0 -6 -6 -7 -7 -5 
23 -6 -6 -7 -7 -5 -23 0 0 0 0 0 0 0 0 0 0 6 6 7 7 5 
$
5 1 -3 -2 -2 -1 -1 2
0 0 0 0 0 0 19 0 0 0 0 0 0 0 0 0 0 -5 -5 -6 -6 -4 
19 -5 -5 -6 -6 -4 -19 0 0 0 0 0 0 0 0 0 0 5 5 6 6 4 
$
5 1 -3 -2 -2 -1 -1 3
0 0 0 0 0 0 15 0 0 0 0 0 0 0 0 0 0 -4 -4 -5 -5 -3 
15 -4 -4 -5 -5 -3 -15 0 0 0 0 0 0 0 0 0 0 4 4 5 5 3 
$
5 1 -3 -2 -2 -1 0 -3
0 0 0 0 0 0 36 0 0 0 0 0 0 0 0 0 0 -9 -9 -10 -11 -8 
0 9 9 10 0 8 0 0 0 -9 0 0 -9 0 -10 0 -8 -9 -9 -10 25 -8 
0 0 0 0 25 0 0 0 0 -9 0 0 -9 0 -10 0 -8 9 9 10 -25 8 
36 -9 -9 -10 -11 -8 -36 0 0 0 0 0 0 0 0 0 0 9 9 10 11 8 
$
5 1 -3 -2 -2 -1 0 -2
0 0 0 0 0 0 32 0 0 0 0 0 0 0 0 0 0 -8 -8 -9 -10 -7 
0 8 8 9 0 7 0 0 0 -8 0 0 -8 0 -9 0 -7 -8 -8 -9 22 -7 
0 0 0 0 22 0 0 0 0 -8 0 0 -8 0 -9 0 -7 8 8 9 -22 7 
32 -8 -8 -9 -10 -7 -32 0 0 0 0 0 0 0 0 0 0 8 8 9 10 7 
$
5 1 -3 -2 -2 -1 0 -1
0 0 0 0 0 0 28 0 0 0 0 0 0 0 0 0 0 -7 -7 -8 -9 -6 
0 7 7 8 0 6 0 0 0 -7 0 0 -7 0 -8 0 -6 -7 -7 -8 19 -6 
0 0 0 0 19 0 0 0 0 -7 0 0 -7 0 -8 0 -6 7 7 8 -19 6 
28 -7 -7 -8 -9 -6 -28 0 0 0 0 0 0 0 0 0 0 7 7 8 9 6 
$
5 1 -3 -3 -3 -2 -2 -1
0 0 0 0 0 0 43 0 0 0 0 0 0 0 0 0 0 -11 -11 -12 -12 -11 
43 -11 -11 -12 -12 -11 -43 0 0 0 0 0 0 0 0 0 0 11 11 12 12 11 
$
5 1 -3 -3 -3 -2 -2 0
0 0 0 0 0 0 39 0 0 0 0 0 0 0 0 0 0 -10 -10 -11 -11 -10 
39 -10 -10 -11 -11 -10 -39 0 0 0 0 0 0 0 0 0 0 10 10 11 11 10 
$
5 1 -3 -3 -3 -2 -2 1
0 0 0 0 0 0 35 0 0 0 0 0 0 0 0 0 0 -9 -9 -10 -10 -9 
35 -9 -9 -10 -10 -9 -35 0 0 0 0 0 0 0 0 0 0 9 9 10 10 9 
$
5 1 -3 -3 -3 -2 -2 2
0 0 0 0 0 0 31 0 0 0 0 0 0 0 0 0 0 -8 -8 -9 -9 -8 
31 -8 -8 -9 -9 -8 -31 0 0 0 0 0 0 0 0 0 0 8 8 9 9 8 
$
5 1 -3 -3 -3 -2 -2 3
0 0 0 0 0 0 27 0 0 0 0 0 0 0 0 0 0 -7 -7 -8 -8 -7 
27 -7 -7 -8 -8 -7 -27 0 0 0 0 0 0 0 0 0 0 7 7 8 8 7 
$
5 1 -3 -3 -3 -2 -1 -3
0 0 0 0 0 0 48 0 0 0 0 0 0 0 0 0 0 -12 -12 -13 -14 -12 
48 -12 -12 -13 -14 -12 -48 0 0 0 0 0 0 0 0 0 0 12 12 13 14 12 
$
5 1 -3 -3 -3 -2 -1 -2
0 0 0 0 0 0 44 0 0 0 0 0 0 0 0 0 0 -11 -11 -12 -13 -11 
44 -11 -11 -12 -13 -11 -44 0 0 0 0 0 0 0 0 0 0 11 11 12 13 11 
$
